10,   channel 10 SRF from file SRF_SSH-1_Delivery_220520/SRF_DMSP-F1_SSH_Chan10.asc received June 2022 from SPASCIA
Number of data points:
298
Wavenumber (cm-1)   Filter response
      663.300000       0.000680
      663.400000       0.000750
      663.500000       0.000830
      663.600000       0.000910
      663.700000       0.001000
      663.800000       0.001100
      663.900000       0.001210
      664.000000       0.001330
      664.100000       0.001450
      664.200000       0.001590
      664.300000       0.001750
      664.400000       0.001910
      664.500000       0.002090
      664.600000       0.002290
      664.700000       0.002500
      664.800000       0.002730
      664.900000       0.002970
      665.000000       0.003240
      665.100000       0.003530
      665.200000       0.003850
      665.300000       0.004190
      665.400000       0.004550
      665.500000       0.004950
      665.600000       0.005380
      665.700000       0.005830
      665.800000       0.006330
      665.900000       0.006860
      666.000000       0.007430
      666.100000       0.008050
      666.200000       0.008710
      666.300000       0.009410
      666.400000       0.010170
      666.500000       0.010980
      666.600000       0.011850
      666.700000       0.012780
      666.800000       0.013770
      666.900000       0.014830
      667.000000       0.015970
      667.100000       0.017170
      667.200000       0.018460
      667.300000       0.019830
      667.400000       0.021290
      667.500000       0.022840
      667.600000       0.024490
      667.700000       0.026240
      667.800000       0.028090
      667.900000       0.030060
      668.000000       0.032150
      668.100000       0.034350
      668.200000       0.036690
      668.300000       0.039160
      668.400000       0.041770
      668.500000       0.044520
      668.600000       0.047420
      668.700000       0.050480
      668.800000       0.053710
      668.900000       0.057100
      669.000000       0.060670
      669.100000       0.064410
      669.200000       0.068350
      669.300000       0.072480
      669.400000       0.076800
      669.500000       0.081340
      669.600000       0.086080
      669.700000       0.091050
      669.800000       0.096230
      669.900000       0.103170
      670.000000       0.114040
      670.100000       0.125330
      670.200000       0.137050
      670.300000       0.149190
      670.400000       0.161750
      670.500000       0.174730
      670.600000       0.188110
      670.700000       0.201900
      670.800000       0.216070
      670.900000       0.230630
      671.000000       0.245550
      671.100000       0.260830
      671.200000       0.276450
      671.300000       0.292400
      671.400000       0.308650
      671.500000       0.325190
      671.600000       0.342000
      671.700000       0.359070
      671.800000       0.376360
      671.900000       0.393860
      672.000000       0.411550
      672.100000       0.429390
      672.200000       0.447360
      672.300000       0.465450
      672.400000       0.483610
      672.500000       0.501190
      672.600000       0.513170
      672.700000       0.525220
      672.800000       0.537320
      672.900000       0.549490
      673.000000       0.561690
      673.100000       0.573940
      673.200000       0.586200
      673.300000       0.598490
      673.400000       0.610780
      673.500000       0.623070
      673.600000       0.635340
      673.700000       0.647590
      673.800000       0.659800
      673.900000       0.671970
      674.000000       0.684080
      674.100000       0.696130
      674.200000       0.708100
      674.300000       0.719970
      674.400000       0.731750
      674.500000       0.743410
      674.600000       0.754950
      674.700000       0.766350
      674.800000       0.777600
      674.900000       0.788700
      675.000000       0.799620
      675.100000       0.810370
      675.200000       0.820920
      675.300000       0.831270
      675.400000       0.841400
      675.500000       0.851300
      675.600000       0.860970
      675.700000       0.870390
      675.800000       0.879560
      675.900000       0.888450
      676.000000       0.897070
      676.100000       0.905390
      676.200000       0.913420
      676.300000       0.921150
      676.400000       0.928550
      676.500000       0.935630
      676.600000       0.942380
      676.700000       0.948790
      676.800000       0.954850
      676.900000       0.960550
      677.000000       0.965890
      677.100000       0.970860
      677.200000       0.975460
      677.300000       0.979680
      677.400000       0.983510
      677.500000       0.986940
      677.600000       0.989990
      677.700000       0.992640
      677.800000       0.994880
      677.900000       0.996720
      678.000000       0.998150
      678.100000       0.999180
      678.200000       0.999790
      678.300000       1.000000
      678.400000       0.999790
      678.500000       0.999180
      678.600000       0.998150
      678.700000       0.996720
      678.800000       0.994880
      678.900000       0.992640
      679.000000       0.989990
      679.100000       0.986940
      679.200000       0.983510
      679.300000       0.979680
      679.400000       0.975460
      679.500000       0.970860
      679.600000       0.965890
      679.700000       0.960550
      679.800000       0.954850
      679.900000       0.948790
      680.000000       0.942380
      680.100000       0.935630
      680.200000       0.928550
      680.300000       0.921150
      680.400000       0.913420
      680.500000       0.905390
      680.600000       0.897070
      680.700000       0.888450
      680.800000       0.879560
      680.900000       0.870390
      681.000000       0.860970
      681.100000       0.851300
      681.200000       0.841400
      681.300000       0.831270
      681.400000       0.820920
      681.500000       0.810370
      681.600000       0.799620
      681.700000       0.788700
      681.800000       0.777600
      681.900000       0.766350
      682.000000       0.754950
      682.100000       0.743410
      682.200000       0.731750
      682.300000       0.719970
      682.400000       0.708100
      682.500000       0.696130
      682.600000       0.684080
      682.700000       0.671970
      682.800000       0.659800
      682.900000       0.647590
      683.000000       0.635340
      683.100000       0.623070
      683.200000       0.610780
      683.300000       0.598490
      683.400000       0.586200
      683.500000       0.573940
      683.600000       0.561690
      683.700000       0.549490
      683.800000       0.537320
      683.900000       0.525220
      684.000000       0.513170
      684.100000       0.501190
      684.200000       0.483610
      684.300000       0.465450
      684.400000       0.447360
      684.500000       0.429390
      684.600000       0.411550
      684.700000       0.393860
      684.800000       0.376360
      684.900000       0.359070
      685.000000       0.342000
      685.100000       0.325190
      685.200000       0.308650
      685.300000       0.292400
      685.400000       0.276450
      685.500000       0.260830
      685.600000       0.245550
      685.700000       0.230630
      685.800000       0.216070
      685.900000       0.201900
      686.000000       0.188110
      686.100000       0.174730
      686.200000       0.161750
      686.300000       0.149190
      686.400000       0.137050
      686.500000       0.125330
      686.600000       0.114040
      686.700000       0.103170
      686.800000       0.096230
      686.900000       0.091050
      687.000000       0.086080
      687.100000       0.081340
      687.200000       0.076800
      687.300000       0.072480
      687.400000       0.068350
      687.500000       0.064410
      687.600000       0.060670
      687.700000       0.057100
      687.800000       0.053710
      687.900000       0.050480
      688.000000       0.047420
      688.100000       0.044520
      688.200000       0.041770
      688.300000       0.039160
      688.400000       0.036690
      688.500000       0.034350
      688.600000       0.032150
      688.700000       0.030060
      688.800000       0.028090
      688.900000       0.026240
      689.000000       0.024490
      689.100000       0.022840
      689.200000       0.021290
      689.300000       0.019830
      689.400000       0.018460
      689.500000       0.017170
      689.600000       0.015970
      689.700000       0.014830
      689.800000       0.013770
      689.900000       0.012780
      690.000000       0.011850
      690.100000       0.010980
      690.200000       0.010170
      690.300000       0.009410
      690.400000       0.008710
      690.500000       0.008050
      690.600000       0.007430
      690.700000       0.006860
      690.800000       0.006330
      690.900000       0.005830
      691.000000       0.005380
      691.100000       0.004950
      691.200000       0.004550
      691.300000       0.004190
      691.400000       0.003850
      691.500000       0.003530
      691.600000       0.003240
      691.700000       0.002970
      691.800000       0.002730
      691.900000       0.002500
      692.000000       0.002290
      692.100000       0.002090
      692.200000       0.001910
      692.300000       0.001750
      692.400000       0.001590
      692.500000       0.001450
      692.600000       0.001330
      692.700000       0.001210
      692.800000       0.001100
      692.900000       0.001000
      693.000000       0.000910
