  17  ,metop_02_hirs_17.flt
Number of data points:
760
Wavenumber (cm-1)   Filter response
     2381.700000       0.000000
     2381.800000       0.001051
     2381.900000       0.001062
     2382.000000       0.001073
     2382.100000       0.001083
     2382.200000       0.001094
     2382.300000       0.001104
     2382.400000       0.001114
     2382.500000       0.001125
     2382.600000       0.001135
     2382.700000       0.001146
     2382.800000       0.001158
     2382.900000       0.001170
     2383.000000       0.001182
     2383.100000       0.001196
     2383.200000       0.001210
     2383.300000       0.001225
     2383.400000       0.001242
     2383.500000       0.001260
     2383.600000       0.001280
     2383.700000       0.001301
     2383.800000       0.001324
     2383.900000       0.001350
     2384.000000       0.001378
     2384.100000       0.001409
     2384.200000       0.001442
     2384.300000       0.001478
     2384.400000       0.001518
     2384.500000       0.001561
     2384.600000       0.001607
     2384.700000       0.001657
     2384.800000       0.001710
     2384.900000       0.001768
     2385.000000       0.001829
     2385.100000       0.001895
     2385.200000       0.001965
     2385.300000       0.002039
     2385.400000       0.002118
     2385.500000       0.002201
     2385.600000       0.002289
     2385.700000       0.002381
     2385.800000       0.002478
     2385.900000       0.002580
     2386.000000       0.002687
     2386.100000       0.002799
     2386.200000       0.002915
     2386.300000       0.003037
     2386.400000       0.003163
     2386.500000       0.003295
     2386.600000       0.003431
     2386.700000       0.003573
     2386.800000       0.003720
     2386.900000       0.003872
     2387.000000       0.004029
     2387.100000       0.004191
     2387.200000       0.004359
     2387.300000       0.004532
     2387.400000       0.004711
     2387.500000       0.004895
     2387.600000       0.005085
     2387.700000       0.005280
     2387.800000       0.005481
     2387.900000       0.005688
     2388.000000       0.005901
     2388.100000       0.006119
     2388.200000       0.006344
     2388.300000       0.006575
     2388.400000       0.006812
     2388.500000       0.007056
     2388.600000       0.007306
     2388.700000       0.007562
     2388.800000       0.007826
     2388.900000       0.008096
     2389.000000       0.008373
     2389.100000       0.008657
     2389.200000       0.008948
     2389.300000       0.009247
     2389.400000       0.009553
     2389.500000       0.009867
     2389.600000       0.010188
     2389.700000       0.010518
     2389.800000       0.010856
     2389.900000       0.011203
     2390.000000       0.011558
     2390.100000       0.011922
     2390.200000       0.012295
     2390.300000       0.012678
     2390.400000       0.013070
     2390.500000       0.013471
     2390.600000       0.013883
     2390.700000       0.014305
     2390.800000       0.014737
     2390.900000       0.015180
     2391.000000       0.015633
     2391.100000       0.016098
     2391.200000       0.016574
     2391.300000       0.017062
     2391.400000       0.017562
     2391.500000       0.018074
     2391.600000       0.018599
     2391.700000       0.019136
     2391.800000       0.019687
     2391.900000       0.020252
     2392.000000       0.020830
     2392.100000       0.021422
     2392.200000       0.022028
     2392.300000       0.022650
     2392.400000       0.023287
     2392.500000       0.023939
     2392.600000       0.024607
     2392.700000       0.025292
     2392.800000       0.025993
     2392.900000       0.026711
     2393.000000       0.027447
     2393.100000       0.028201
     2393.200000       0.028974
     2393.300000       0.029766
     2393.400000       0.030577
     2393.500000       0.031408
     2393.600000       0.032260
     2393.700000       0.033134
     2393.800000       0.034029
     2393.900000       0.034946
     2394.000000       0.035887
     2394.100000       0.036851
     2394.200000       0.037840
     2394.300000       0.038854
     2394.400000       0.039894
     2394.500000       0.040961
     2394.600000       0.042055
     2394.700000       0.043179
     2394.800000       0.044332
     2394.900000       0.045516
     2395.000000       0.046732
     2395.100000       0.047981
     2395.200000       0.049263
     2395.300000       0.050581
     2395.400000       0.051935
     2395.500000       0.053326
     2395.600000       0.054757
     2395.700000       0.056227
     2395.800000       0.057739
     2395.900000       0.059294
     2396.000000       0.060894
     2396.100000       0.062539
     2396.200000       0.064231
     2396.300000       0.065973
     2396.400000       0.067502
     2396.500000       0.069339
     2396.600000       0.071229
     2396.700000       0.073175
     2396.800000       0.075178
     2396.900000       0.077241
     2397.000000       0.079365
     2397.100000       0.081552
     2397.200000       0.083805
     2397.300000       0.086125
     2397.400000       0.088514
     2397.500000       0.090974
     2397.600000       0.093506
     2397.700000       0.096114
     2397.800000       0.098798
     2397.900000       0.101560
     2398.000000       0.104410
     2398.100000       0.107340
     2398.200000       0.110350
     2398.300000       0.113450
     2398.400000       0.116640
     2398.500000       0.119920
     2398.600000       0.123300
     2398.700000       0.126770
     2398.800000       0.130330
     2398.900000       0.133990
     2399.000000       0.137750
     2399.100000       0.141620
     2399.200000       0.145580
     2399.300000       0.149650
     2399.400000       0.153830
     2399.500000       0.158110
     2399.600000       0.162500
     2399.700000       0.167000
     2399.800000       0.171610
     2399.900000       0.176330
     2400.000000       0.181160
     2400.100000       0.186100
     2400.200000       0.191150
     2400.300000       0.196320
     2400.400000       0.201600
     2400.500000       0.207000
     2400.600000       0.212510
     2400.700000       0.218130
     2400.800000       0.223860
     2400.900000       0.229710
     2401.000000       0.235670
     2401.100000       0.241750
     2401.200000       0.247930
     2401.300000       0.254220
     2401.400000       0.260620
     2401.500000       0.267130
     2401.600000       0.273750
     2401.700000       0.280460
     2401.800000       0.287280
     2401.900000       0.294200
     2402.000000       0.301220
     2402.100000       0.308340
     2402.200000       0.315560
     2402.300000       0.322870
     2402.400000       0.330260
     2402.500000       0.337740
     2402.600000       0.345300
     2402.700000       0.352950
     2402.800000       0.360660
     2402.900000       0.368450
     2403.000000       0.376310
     2403.100000       0.384230
     2403.200000       0.392210
     2403.300000       0.400240
     2403.400000       0.408330
     2403.500000       0.416470
     2403.600000       0.424650
     2403.700000       0.432870
     2403.800000       0.441130
     2403.900000       0.449420
     2404.000000       0.457730
     2404.100000       0.466040
     2404.200000       0.474370
     2404.300000       0.482710
     2404.400000       0.491050
     2404.500000       0.499400
     2404.600000       0.507740
     2404.700000       0.516080
     2404.800000       0.524410
     2404.900000       0.532710
     2405.000000       0.541000
     2405.100000       0.549260
     2405.200000       0.557490
     2405.300000       0.565680
     2405.400000       0.573830
     2405.500000       0.581940
     2405.600000       0.590000
     2405.700000       0.598000
     2405.800000       0.605950
     2405.900000       0.613830
     2406.000000       0.621650
     2406.100000       0.629400
     2406.200000       0.637080
     2406.300000       0.644680
     2406.400000       0.652200
     2406.500000       0.659630
     2406.600000       0.666970
     2406.700000       0.674220
     2406.800000       0.681380
     2406.900000       0.688440
     2407.000000       0.695400
     2407.100000       0.702260
     2407.200000       0.709020
     2407.300000       0.715670
     2407.400000       0.722220
     2407.500000       0.728650
     2407.600000       0.734970
     2407.700000       0.741170
     2407.800000       0.747260
     2407.900000       0.753230
     2408.000000       0.759080
     2408.100000       0.764830
     2408.200000       0.770460
     2408.300000       0.775970
     2408.400000       0.781360
     2408.500000       0.786630
     2408.600000       0.791780
     2408.700000       0.796810
     2408.800000       0.801720
     2408.900000       0.806510
     2409.000000       0.811190
     2409.100000       0.815740
     2409.200000       0.820180
     2409.300000       0.824500
     2409.400000       0.828710
     2409.500000       0.832810
     2409.600000       0.836790
     2409.700000       0.840670
     2409.800000       0.844440
     2409.900000       0.848100
     2410.000000       0.851670
     2410.100000       0.855120
     2410.200000       0.858470
     2410.300000       0.861730
     2410.400000       0.864890
     2410.500000       0.867960
     2410.600000       0.870950
     2410.700000       0.873840
     2410.800000       0.876650
     2410.900000       0.879390
     2411.000000       0.882040
     2411.100000       0.884610
     2411.200000       0.887110
     2411.300000       0.889550
     2411.400000       0.891910
     2411.500000       0.894210
     2411.600000       0.896450
     2411.700000       0.898630
     2411.800000       0.900750
     2411.900000       0.902820
     2412.000000       0.904850
     2412.100000       0.906830
     2412.200000       0.908770
     2412.300000       0.910660
     2412.400000       0.912520
     2412.500000       0.914340
     2412.600000       0.916130
     2412.700000       0.917880
     2412.800000       0.919610
     2412.900000       0.921300
     2413.000000       0.922970
     2413.100000       0.924620
     2413.200000       0.926250
     2413.300000       0.927860
     2413.400000       0.929450
     2413.500000       0.931020
     2413.600000       0.932580
     2413.700000       0.934130
     2413.800000       0.935660
     2413.900000       0.937190
     2414.000000       0.938700
     2414.100000       0.940210
     2414.200000       0.941700
     2414.300000       0.943200
     2414.400000       0.944680
     2414.500000       0.946160
     2414.600000       0.947640
     2414.700000       0.949110
     2414.800000       0.950580
     2414.900000       0.952040
     2415.000000       0.953510
     2415.100000       0.954960
     2415.200000       0.956410
     2415.300000       0.957860
     2415.400000       0.959300
     2415.500000       0.960740
     2415.600000       0.962180
     2415.700000       0.963600
     2415.800000       0.965020
     2415.900000       0.966430
     2416.000000       0.967840
     2416.100000       0.969200
     2416.200000       0.970550
     2416.300000       0.971890
     2416.400000       0.973220
     2416.500000       0.974530
     2416.600000       0.975830
     2416.700000       0.977110
     2416.800000       0.978380
     2416.900000       0.979620
     2417.000000       0.980840
     2417.100000       0.982040
     2417.200000       0.983220
     2417.300000       0.984370
     2417.400000       0.985490
     2417.500000       0.986590
     2417.600000       0.987650
     2417.700000       0.988680
     2417.800000       0.989680
     2417.900000       0.990640
     2418.000000       0.991570
     2418.100000       0.992460
     2418.200000       0.993310
     2418.300000       0.994120
     2418.400000       0.994880
     2418.500000       0.995600
     2418.600000       0.996270
     2418.700000       0.996890
     2418.800000       0.997460
     2418.900000       0.997980
     2419.000000       0.998440
     2419.100000       0.998840
     2419.200000       0.999180
     2419.300000       0.999470
     2419.400000       0.999700
     2419.500000       0.999860
     2419.600000       0.999960
     2419.700000       1.000000
     2419.800000       0.999970
     2419.900000       0.999880
     2420.000000       0.999720
     2420.100000       0.999490
     2420.200000       0.999180
     2420.300000       0.998810
     2420.400000       0.998360
     2420.500000       0.997850
     2420.600000       0.997260
     2420.700000       0.996590
     2420.800000       0.995850
     2420.900000       0.995040
     2421.000000       0.994150
     2421.100000       0.993180
     2421.200000       0.992140
     2421.300000       0.991020
     2421.400000       0.989820
     2421.500000       0.988550
     2421.600000       0.987190
     2421.700000       0.985760
     2421.800000       0.984260
     2421.900000       0.982670
     2422.000000       0.981000
     2422.100000       0.979250
     2422.200000       0.977420
     2422.300000       0.975500
     2422.400000       0.973520
     2422.500000       0.971450
     2422.600000       0.969310
     2422.700000       0.967090
     2422.800000       0.964790
     2422.900000       0.962450
     2423.000000       0.960020
     2423.100000       0.957530
     2423.200000       0.954960
     2423.300000       0.952310
     2423.400000       0.949590
     2423.500000       0.946800
     2423.600000       0.943940
     2423.700000       0.941000
     2423.800000       0.937990
     2423.900000       0.934910
     2424.000000       0.931760
     2424.100000       0.928570
     2424.200000       0.925320
     2424.300000       0.921990
     2424.400000       0.918600
     2424.500000       0.915150
     2424.600000       0.911620
     2424.700000       0.908030
     2424.800000       0.904370
     2424.900000       0.900650
     2425.000000       0.896870
     2425.100000       0.893030
     2425.200000       0.889120
     2425.300000       0.885150
     2425.400000       0.881130
     2425.500000       0.877040
     2425.600000       0.872890
     2425.700000       0.868690
     2425.800000       0.864420
     2425.900000       0.860100
     2426.000000       0.855730
     2426.100000       0.851270
     2426.200000       0.846750
     2426.300000       0.842180
     2426.400000       0.837550
     2426.500000       0.832880
     2426.600000       0.828150
     2426.700000       0.823380
     2426.800000       0.818550
     2426.900000       0.813670
     2427.000000       0.808750
     2427.100000       0.803770
     2427.200000       0.798750
     2427.300000       0.793680
     2427.400000       0.788570
     2427.500000       0.783410
     2427.600000       0.778210
     2427.700000       0.772970
     2427.800000       0.767680
     2427.900000       0.762360
     2428.000000       0.756990
     2428.100000       0.751590
     2428.200000       0.746150
     2428.300000       0.740670
     2428.400000       0.735160
     2428.500000       0.729610
     2428.600000       0.724020
     2428.700000       0.718400
     2428.800000       0.712750
     2428.900000       0.707060
     2429.000000       0.701340
     2429.100000       0.695590
     2429.200000       0.689820
     2429.300000       0.684010
     2429.400000       0.678170
     2429.500000       0.672300
     2429.600000       0.666410
     2429.700000       0.660490
     2429.800000       0.654550
     2429.900000       0.648580
     2430.000000       0.642590
     2430.100000       0.636580
     2430.200000       0.630550
     2430.300000       0.624500
     2430.400000       0.618430
     2430.500000       0.612350
     2430.600000       0.606250
     2430.700000       0.600130
     2430.800000       0.594000
     2430.900000       0.587860
     2431.000000       0.581710
     2431.100000       0.575550
     2431.200000       0.569380
     2431.300000       0.563210
     2431.400000       0.557030
     2431.500000       0.550840
     2431.600000       0.544650
     2431.700000       0.538460
     2431.800000       0.532260
     2431.900000       0.526070
     2432.000000       0.519880
     2432.100000       0.513690
     2432.200000       0.507510
     2432.300000       0.501330
     2432.400000       0.495160
     2432.500000       0.489000
     2432.600000       0.482840
     2432.700000       0.476700
     2432.800000       0.470580
     2432.900000       0.464460
     2433.000000       0.458370
     2433.100000       0.452290
     2433.200000       0.446230
     2433.300000       0.440190
     2433.400000       0.434170
     2433.500000       0.428170
     2433.600000       0.422200
     2433.700000       0.416250
     2433.800000       0.410330
     2433.900000       0.404430
     2434.000000       0.398570
     2434.100000       0.392750
     2434.200000       0.386950
     2434.300000       0.381190
     2434.400000       0.375460
     2434.500000       0.369770
     2434.600000       0.364120
     2434.700000       0.358490
     2434.800000       0.352910
     2434.900000       0.347370
     2435.000000       0.341860
     2435.100000       0.336400
     2435.200000       0.330980
     2435.300000       0.325600
     2435.400000       0.320260
     2435.500000       0.314970
     2435.600000       0.309720
     2435.700000       0.304520
     2435.800000       0.299360
     2435.900000       0.294250
     2436.000000       0.289190
     2436.100000       0.284190
     2436.200000       0.279230
     2436.300000       0.274320
     2436.400000       0.269470
     2436.500000       0.264660
     2436.600000       0.259910
     2436.700000       0.255200
     2436.800000       0.250550
     2436.900000       0.245950
     2437.000000       0.241410
     2437.100000       0.236920
     2437.200000       0.232480
     2437.300000       0.228090
     2437.400000       0.223760
     2437.500000       0.219490
     2437.600000       0.215260
     2437.700000       0.211100
     2437.800000       0.206980
     2437.900000       0.202930
     2438.000000       0.198930
     2438.100000       0.194980
     2438.200000       0.191080
     2438.300000       0.187240
     2438.400000       0.183460
     2438.500000       0.179730
     2438.600000       0.176060
     2438.700000       0.172440
     2438.800000       0.168880
     2438.900000       0.165370
     2439.000000       0.161920
     2439.100000       0.158520
     2439.200000       0.155180
     2439.300000       0.151890
     2439.400000       0.148660
     2439.500000       0.145480
     2439.600000       0.142350
     2439.700000       0.139280
     2439.800000       0.136260
     2439.900000       0.133300
     2440.000000       0.130390
     2440.100000       0.127520
     2440.200000       0.124710
     2440.300000       0.121950
     2440.400000       0.119250
     2440.500000       0.116590
     2440.600000       0.113980
     2440.700000       0.111430
     2440.800000       0.108920
     2440.900000       0.106460
     2441.000000       0.104060
     2441.100000       0.101700
     2441.200000       0.099383
     2441.300000       0.097118
     2441.400000       0.094899
     2441.500000       0.092726
     2441.600000       0.090599
     2441.700000       0.088517
     2441.800000       0.086479
     2441.900000       0.084485
     2442.000000       0.082534
     2442.100000       0.080628
     2442.200000       0.078763
     2442.300000       0.076940
     2442.400000       0.075158
     2442.500000       0.073415
     2442.600000       0.071712
     2442.700000       0.070047
     2442.800000       0.068420
     2442.900000       0.066831
     2443.000000       0.065278
     2443.100000       0.063760
     2443.200000       0.062278
     2443.300000       0.061000
     2443.400000       0.059582
     2443.500000       0.058198
     2443.600000       0.056846
     2443.700000       0.055527
     2443.800000       0.054238
     2443.900000       0.052979
     2444.000000       0.051751
     2444.100000       0.050551
     2444.200000       0.049379
     2444.300000       0.048235
     2444.400000       0.047118
     2444.500000       0.046028
     2444.600000       0.044963
     2444.700000       0.043923
     2444.800000       0.042908
     2444.900000       0.041917
     2445.000000       0.040948
     2445.100000       0.040002
     2445.200000       0.039078
     2445.300000       0.038176
     2445.400000       0.037294
     2445.500000       0.036433
     2445.600000       0.035591
     2445.700000       0.034769
     2445.800000       0.033965
     2445.900000       0.033179
     2446.000000       0.032412
     2446.100000       0.031660
     2446.200000       0.030926
     2446.300000       0.030208
     2446.400000       0.029506
     2446.500000       0.028819
     2446.600000       0.028147
     2446.700000       0.027490
     2446.800000       0.026847
     2446.900000       0.026219
     2447.000000       0.025604
     2447.100000       0.025002
     2447.200000       0.024413
     2447.300000       0.023836
     2447.400000       0.023272
     2447.500000       0.022720
     2447.600000       0.022180
     2447.700000       0.021652
     2447.800000       0.021135
     2447.900000       0.020629
     2448.000000       0.020134
     2448.100000       0.019650
     2448.200000       0.019176
     2448.300000       0.018713
     2448.400000       0.018260
     2448.500000       0.017816
     2448.600000       0.017383
     2448.700000       0.016959
     2448.800000       0.016545
     2448.900000       0.016139
     2449.000000       0.015744
     2449.100000       0.015356
     2449.200000       0.014978
     2449.300000       0.014609
     2449.400000       0.014248
     2449.500000       0.013896
     2449.600000       0.013552
     2449.700000       0.013216
     2449.800000       0.012888
     2449.900000       0.012568
     2450.000000       0.012256
     2450.100000       0.011952
     2450.200000       0.011655
     2450.300000       0.011366
     2450.400000       0.011084
     2450.500000       0.010809
     2450.600000       0.010541
     2450.700000       0.010280
     2450.800000       0.010025
     2450.900000       0.009777
     2451.000000       0.009536
     2451.100000       0.009300
     2451.200000       0.009071
     2451.300000       0.008848
     2451.400000       0.008630
     2451.500000       0.008418
     2451.600000       0.008212
     2451.700000       0.008010
     2451.800000       0.007814
     2451.900000       0.007623
     2452.000000       0.007436
     2452.100000       0.007254
     2452.200000       0.007076
     2452.300000       0.006902
     2452.400000       0.006732
     2452.500000       0.006566
     2452.600000       0.006404
     2452.700000       0.006245
     2452.800000       0.006089
     2452.900000       0.005937
     2453.000000       0.005787
     2453.100000       0.005640
     2453.200000       0.005496
     2453.300000       0.005354
     2453.400000       0.005215
     2453.500000       0.005078
     2453.600000       0.004943
     2453.700000       0.004809
     2453.800000       0.004678
     2453.900000       0.004549
     2454.000000       0.004421
     2454.100000       0.004295
     2454.200000       0.004170
     2454.300000       0.004047
     2454.400000       0.003925
     2454.500000       0.003805
     2454.600000       0.003686
     2454.700000       0.003568
     2454.800000       0.003452
     2454.900000       0.003336
     2455.000000       0.003223
     2455.100000       0.003110
     2455.200000       0.002999
     2455.300000       0.002890
     2455.400000       0.002781
     2455.500000       0.002674
     2455.600000       0.002569
     2455.700000       0.002465
     2455.800000       0.002363
     2455.900000       0.002263
     2456.000000       0.002164
     2456.100000       0.002067
     2456.200000       0.001972
     2456.300000       0.001879
     2456.400000       0.001788
     2456.500000       0.001699
     2456.600000       0.001612
     2456.700000       0.001527
     2456.800000       0.001445
     2456.900000       0.001364
     2457.000000       0.001287
     2457.100000       0.001211
     2457.200000       0.001139
     2457.300000       0.001068
     2457.400000       0.001001
     2457.500000       0.000936
     2457.600000       0.000000
