  18  ,noaa_12_hirs_18.flt
Number of data points:
102
Wavenumber (cm-1)   Filter response
     2448.000000       0.000000
     2449.300000       0.000483
     2450.600000       0.000450
     2451.900000       0.000416
     2453.200000       0.000383
     2454.500000       0.002161
     2455.800000       0.003676
     2457.100000       0.003642
     2458.400000       0.004641
     2459.700000       0.005898
     2461.000000       0.005863
     2462.300000       0.007377
     2463.600000       0.007341
     2464.900000       0.009240
     2466.200000       0.009204
     2467.500000       0.010329
     2468.800000       0.010567
     2470.100000       0.010523
     2471.500000       0.012419
     2472.800000       0.014573
     2474.200000       0.018925
     2475.500000       0.023921
     2476.900000       0.025681
     2478.200000       0.030671
     2479.600000       0.037862
     2480.900000       0.048680
     2482.300000       0.061310
     2483.600000       0.075881
     2485.000000       0.097179
     2486.300000       0.122100
     2487.600000       0.149420
     2488.900000       0.194400
     2490.300000       0.236130
     2491.500000       0.289140
     2492.900000       0.342560
     2494.200000       0.396440
     2495.600000       0.453790
     2496.900000       0.510980
     2498.300000       0.568120
     2499.700000       0.620620
     2501.000000       0.671160
     2502.300000       0.714390
     2503.700000       0.756810
     2505.100000       0.791560
     2506.400000       0.835330
     2507.800000       0.871870
     2509.100000       0.899020
     2510.400000       0.933410
     2511.800000       0.966540
     2513.100000       0.984120
     2514.500000       0.996680
     2515.800000       1.000000
     2517.200000       0.995120
     2518.500000       0.977360
     2519.900000       0.950310
     2521.200000       0.913990
     2522.600000       0.878670
     2523.900000       0.829970
     2525.300000       0.784250
     2526.700000       0.735190
     2528.000000       0.684960
     2529.400000       0.631160
     2530.700000       0.577320
     2532.000000       0.509590
     2533.300000       0.447920
     2534.700000       0.379490
     2536.000000       0.339550
     2537.400000       0.282360
     2538.700000       0.233320
     2540.000000       0.195830
     2541.300000       0.155820
     2542.600000       0.123070
     2544.000000       0.098670
     2545.300000       0.079493
     2546.700000       0.065652
     2548.000000       0.052967
     2549.300000       0.040066
     2550.700000       0.034672
     2552.000000       0.027782
     2553.400000       0.025678
     2554.700000       0.022194
     2556.000000       0.019844
     2557.300000       0.017495
     2558.700000       0.014770
     2560.000000       0.012424
     2561.300000       0.012340
     2562.700000       0.010875
     2564.000000       0.010792
     2565.300000       0.009328
     2566.700000       0.009246
     2568.000000       0.007911
     2569.400000       0.007876
     2570.700000       0.006188
     2572.100000       0.005761
     2573.400000       0.005587
     2574.700000       0.004529
     2576.100000       0.003598
     2577.400000       0.002160
     2578.700000       0.000975
     2580.000000       0.000926
     2581.400000       0.000247
     2588.100000       0.000000
