   7  ,noaa_05_hirs_07.flt
Number of data points:
54
Wavenumber (cm-1)   Filter response
      720.000000       0.000000
      724.740000       0.006846
      727.910000       0.011079
      729.990000       0.013801
      730.990000       0.020506
      732.070000       0.030749
      732.950000       0.041408
      733.720000       0.052753
      734.320000       0.066045
      734.920000       0.086989
      735.490000       0.113490
      736.090000       0.149880
      736.920000       0.211600
      737.500000       0.271760
      738.460000       0.386580
      738.880000       0.474950
      739.620000       0.630450
      740.610000       0.785630
      741.050000       0.856390
      741.360000       0.906660
      741.860000       0.945410
      742.300000       0.973440
      742.660000       0.990680
      743.110000       1.000000
      743.890000       0.995510
      744.470000       0.986630
      745.240000       0.972220
      745.940000       0.961470
      746.840000       0.956970
      747.460000       0.960900
      748.160000       0.972260
      748.890000       0.976510
      749.950000       0.985880
      751.240000       0.987900
      752.220000       0.971790
      753.310000       0.949210
      754.260000       0.922490
      754.870000       0.884430
      755.550000       0.835570
      756.230000       0.787500
      757.070000       0.690620
      758.920000       0.465410
      760.150000       0.312570
      761.180000       0.218680
      761.700000       0.177730
      762.460000       0.144490
      763.290000       0.111290
      763.960000       0.084385
      765.090000       0.056013
      766.150000       0.038572
      767.110000       0.028572
      768.440000       0.017615
      775.000000       0.010294
      780.940000       0.000000
