   5  ,noaa_06_hirs_05.flt
Number of data points:
29
Wavenumber (cm-1)   Filter response
      690.020000       0.000000
      698.010000       0.011699
      699.960000       0.018343
      701.980000       0.032150
      703.350000       0.056033
      705.180000       0.115640
      706.460000       0.196590
      707.700000       0.324890
      708.950000       0.475700
      710.280000       0.647140
      711.800000       0.789120
      712.770000       0.866940
      714.230000       0.935630
      715.730000       0.973720
      717.070000       0.996890
      718.350000       1.000000
      719.850000       0.977290
      721.380000       0.930830
      722.900000       0.853950
      724.490000       0.717870
      725.860000       0.561940
      727.210000       0.377180
      729.100000       0.183220
      730.430000       0.113040
      731.800000       0.062402
      733.430000       0.031825
      736.030000       0.017069
      739.010000       0.011351
      746.060000       0.000000
