1,    channel 1 SRF extracted from INSAT-3DS_Sounder_SRFs.zip(INSAT-3DS-Sounder-SRF-Ch1.txt) (received Nov 2023)
Number of data points:
32
Wavenumber (cm-1)   Filter response
      671.591700       0.000000
      672.268900       0.018700
      672.947500       0.052400
      673.627500       0.128600
      674.308800       0.305400
      674.991600       0.510100
      675.675700       0.570900
      676.361200       0.612900
      677.048100       0.696900
      677.736400       0.776100
      678.426100       0.815100
      679.117100       0.853400
      679.809700       0.875400
      680.503600       0.907500
      681.198900       0.948800
      681.895700       0.848000
      682.593900       0.855800
      683.293500       0.966200
      683.994500       0.986000
      684.697000       1.000000
      685.401000       0.947600
      686.106300       0.910200
      686.813200       0.794200
      687.521500       0.634400
      688.231200       0.453100
      688.942500       0.303500
      689.655200       0.203900
      690.369300       0.147800
      691.085000       0.060600
      691.802100       0.032100
      692.520800       0.015300
      693.240900       0.000000
