   8, extracted from file vas_g06.srf.nc
Number of data points:
2335
Wavenumber (cm-1)   Filter response
      785.000000       0.000423
      785.100000       0.000529
      785.200000       0.000635
      785.300000       0.000741
      785.400000       0.000846
      785.500000       0.000952
      785.600000       0.001057
      785.700000       0.001163
      785.800000       0.001269
      785.900000       0.001374
      786.000000       0.001480
      786.100000       0.001585
      786.200000       0.001691
      786.300000       0.001797
      786.400000       0.001902
      786.500000       0.002008
      786.600000       0.002113
      786.700000       0.002219
      786.800000       0.002325
      786.900000       0.002430
      787.000000       0.002536
      787.100000       0.002641
      787.200000       0.002747
      787.300000       0.002853
      787.400000       0.002958
      787.500000       0.003064
      787.600000       0.003169
      787.700000       0.003274
      787.800000       0.003379
      787.900000       0.003484
      788.000000       0.003588
      788.100000       0.003693
      788.200000       0.003798
      788.300000       0.003903
      788.400000       0.004008
      788.500000       0.004113
      788.600000       0.004218
      788.700000       0.004323
      788.800000       0.004428
      788.900000       0.004533
      789.000000       0.004638
      789.100000       0.004743
      789.200000       0.004847
      789.300000       0.004952
      789.400000       0.005057
      789.500000       0.005162
      789.600000       0.005267
      789.700000       0.005372
      789.800000       0.005477
      789.900000       0.005582
      790.000000       0.005689
      790.100000       0.005797
      790.200000       0.005905
      790.300000       0.006013
      790.400000       0.006122
      790.500000       0.006230
      790.600000       0.006338
      790.700000       0.006447
      790.800000       0.006555
      790.900000       0.006663
      791.000000       0.006771
      791.100000       0.006880
      791.200000       0.006988
      791.300000       0.007096
      791.400000       0.007205
      791.500000       0.007313
      791.600000       0.007421
      791.700000       0.007529
      791.800000       0.007638
      791.900000       0.007746
      792.000000       0.007854
      792.100000       0.007963
      792.200000       0.008072
      792.300000       0.008179
      792.400000       0.008287
      792.500000       0.008417
      792.600000       0.008566
      792.700000       0.008713
      792.800000       0.008861
      792.900000       0.009008
      793.000000       0.009156
      793.100000       0.009304
      793.200000       0.009451
      793.300000       0.009598
      793.400000       0.009746
      793.500000       0.009893
      793.600000       0.010041
      793.700000       0.010188
      793.800000       0.010336
      793.900000       0.010483
      794.000000       0.010631
      794.100000       0.010778
      794.200000       0.010925
      794.300000       0.011073
      794.400000       0.011221
      794.500000       0.011368
      794.600000       0.011515
      794.700000       0.011663
      794.800000       0.011810
      794.900000       0.011947
      795.000000       0.012176
      795.100000       0.012512
      795.200000       0.012850
      795.300000       0.013186
      795.400000       0.013523
      795.500000       0.013860
      795.600000       0.014196
      795.700000       0.014533
      795.800000       0.014869
      795.900000       0.015206
      796.000000       0.015543
      796.100000       0.015879
      796.200000       0.016216
      796.300000       0.016552
      796.400000       0.016889
      796.500000       0.017226
      796.600000       0.017562
      796.700000       0.017899
      796.800000       0.018235
      796.900000       0.018572
      797.000000       0.018909
      797.100000       0.019245
      797.200000       0.019582
      797.300000       0.019918
      797.400000       0.020255
      797.500000       0.020591
      797.600000       0.020926
      797.700000       0.021260
      797.800000       0.021595
      797.900000       0.021930
      798.000000       0.022264
      798.100000       0.022598
      798.200000       0.022932
      798.300000       0.023267
      798.400000       0.023602
      798.500000       0.023936
      798.600000       0.024270
      798.700000       0.024604
      798.800000       0.024939
      798.900000       0.025274
      799.000000       0.025608
      799.100000       0.025943
      799.200000       0.026277
      799.300000       0.026611
      799.400000       0.026946
      799.500000       0.027280
      799.600000       0.027615
      799.700000       0.027950
      799.800000       0.028283
      799.900000       0.028618
      800.000000       0.028953
      800.100000       0.029286
      800.200000       0.029619
      800.300000       0.029951
      800.400000       0.030283
      800.500000       0.030616
      800.600000       0.030948
      800.700000       0.031280
      800.800000       0.031612
      800.900000       0.031945
      801.000000       0.032277
      801.100000       0.032609
      801.200000       0.032942
      801.300000       0.033274
      801.400000       0.033607
      801.500000       0.033939
      801.600000       0.034271
      801.700000       0.034604
      801.800000       0.034936
      801.900000       0.035268
      802.000000       0.035601
      802.100000       0.035933
      802.200000       0.036265
      802.300000       0.036597
      802.400000       0.036930
      802.500000       0.037262
      802.600000       0.037595
      802.700000       0.037928
      802.800000       0.038263
      802.900000       0.038597
      803.000000       0.038931
      803.100000       0.039265
      803.200000       0.039599
      803.300000       0.039933
      803.400000       0.040267
      803.500000       0.040601
      803.600000       0.040935
      803.700000       0.041269
      803.800000       0.041603
      803.900000       0.041938
      804.000000       0.042272
      804.100000       0.042606
      804.200000       0.042940
      804.300000       0.043274
      804.400000       0.043608
      804.500000       0.043942
      804.600000       0.044276
      804.700000       0.044610
      804.800000       0.044944
      804.900000       0.045279
      805.000000       0.045613
      805.100000       0.045919
      805.200000       0.046444
      805.300000       0.047497
      805.400000       0.048803
      805.500000       0.050076
      805.600000       0.051349
      805.700000       0.052623
      805.800000       0.053896
      805.900000       0.055172
      806.000000       0.056445
      806.100000       0.057718
      806.200000       0.058991
      806.300000       0.060265
      806.400000       0.061540
      806.500000       0.062813
      806.600000       0.064086
      806.700000       0.065359
      806.800000       0.066633
      806.900000       0.067908
      807.000000       0.069182
      807.100000       0.070455
      807.200000       0.071728
      807.300000       0.073001
      807.400000       0.074277
      807.500000       0.075550
      807.600000       0.076824
      807.700000       0.078088
      807.800000       0.079426
      807.900000       0.080953
      808.000000       0.082571
      808.100000       0.084178
      808.200000       0.085784
      808.300000       0.087390
      808.400000       0.088999
      808.500000       0.090605
      808.600000       0.092212
      808.700000       0.093819
      808.800000       0.095425
      808.900000       0.097034
      809.000000       0.098640
      809.100000       0.100247
      809.200000       0.101853
      809.300000       0.103460
      809.400000       0.105069
      809.500000       0.106675
      809.600000       0.108282
      809.700000       0.109889
      809.800000       0.111495
      809.900000       0.113103
      810.000000       0.114710
      810.100000       0.116316
      810.200000       0.117923
      810.300000       0.119497
      810.400000       0.121282
      810.500000       0.124130
      810.600000       0.127720
      810.700000       0.131225
      810.800000       0.134729
      810.900000       0.138239
      811.000000       0.141742
      811.100000       0.145246
      811.200000       0.148751
      811.300000       0.152255
      811.400000       0.155765
      811.500000       0.159269
      811.600000       0.162773
      811.700000       0.166277
      811.800000       0.169781
      811.900000       0.173290
      812.000000       0.176795
      812.100000       0.180299
      812.200000       0.183803
      812.300000       0.187307
      812.400000       0.190816
      812.500000       0.194321
      812.600000       0.197825
      812.700000       0.201329
      812.800000       0.204833
      812.900000       0.208342
      813.000000       0.211846
      813.100000       0.215357
      813.200000       0.218876
      813.300000       0.222395
      813.400000       0.225921
      813.500000       0.229440
      813.600000       0.232960
      813.700000       0.236479
      813.800000       0.239998
      813.900000       0.243523
      814.000000       0.247042
      814.100000       0.250562
      814.200000       0.254081
      814.300000       0.257600
      814.400000       0.261126
      814.500000       0.264645
      814.600000       0.268164
      814.700000       0.271684
      814.800000       0.275203
      814.900000       0.278728
      815.000000       0.282247
      815.100000       0.285766
      815.200000       0.289286
      815.300000       0.292805
      815.400000       0.296330
      815.500000       0.299849
      815.600000       0.303370
      815.700000       0.306885
      815.800000       0.310388
      815.900000       0.313889
      816.000000       0.317385
      816.100000       0.320882
      816.200000       0.324379
      816.300000       0.327875
      816.400000       0.331377
      816.500000       0.334874
      816.600000       0.338370
      816.700000       0.341867
      816.800000       0.345364
      816.900000       0.348865
      817.000000       0.352362
      817.100000       0.355859
      817.200000       0.359355
      817.300000       0.362852
      817.400000       0.366354
      817.500000       0.369850
      817.600000       0.373347
      817.700000       0.376843
      817.800000       0.380340
      817.900000       0.383842
      818.000000       0.387338
      818.100000       0.390835
      818.200000       0.394331
      818.300000       0.397827
      818.400000       0.401334
      818.500000       0.404843
      818.600000       0.408355
      818.700000       0.411867
      818.800000       0.415378
      818.900000       0.418895
      819.000000       0.422405
      819.100000       0.425917
      819.200000       0.429434
      819.300000       0.432945
      819.400000       0.436457
      819.500000       0.439968
      819.600000       0.443479
      819.700000       0.446996
      819.800000       0.450507
      819.900000       0.454019
      820.000000       0.457530
      820.100000       0.461041
      820.200000       0.464558
      820.300000       0.468069
      820.400000       0.471581
      820.500000       0.475092
      820.600000       0.478604
      820.700000       0.482120
      820.800000       0.485631
      820.900000       0.489143
      821.000000       0.492656
      821.100000       0.496157
      821.200000       0.499652
      821.300000       0.503139
      821.400000       0.506626
      821.500000       0.510115
      821.600000       0.513602
      821.700000       0.517096
      821.800000       0.520584
      821.900000       0.524071
      822.000000       0.527560
      822.100000       0.531047
      822.200000       0.534541
      822.300000       0.538028
      822.400000       0.541516
      822.500000       0.545005
      822.600000       0.548492
      822.700000       0.551986
      822.800000       0.555473
      822.900000       0.558961
      823.000000       0.562450
      823.100000       0.565937
      823.200000       0.569430
      823.300000       0.572918
      823.400000       0.576406
      823.500000       0.579894
      823.600000       0.583382
      823.700000       0.586877
      823.800000       0.590356
      823.900000       0.593823
      824.000000       0.597288
      824.100000       0.600753
      824.200000       0.604224
      824.300000       0.607690
      824.400000       0.611155
      824.500000       0.614620
      824.600000       0.618086
      824.700000       0.621556
      824.800000       0.625022
      824.900000       0.628487
      825.000000       0.631953
      825.100000       0.635418
      825.200000       0.638889
      825.300000       0.642353
      825.400000       0.645819
      825.500000       0.649285
      825.600000       0.652750
      825.700000       0.656221
      825.800000       0.659686
      825.900000       0.663152
      826.000000       0.666617
      826.100000       0.670082
      826.200000       0.673553
      826.300000       0.677018
      826.400000       0.680484
      826.500000       0.683952
      826.600000       0.687428
      826.700000       0.690913
      826.800000       0.694391
      826.900000       0.697870
      827.000000       0.701350
      827.100000       0.704828
      827.200000       0.708313
      827.300000       0.711791
      827.400000       0.715271
      827.500000       0.718749
      827.600000       0.722227
      827.700000       0.725712
      827.800000       0.729191
      827.900000       0.732669
      828.000000       0.736148
      828.100000       0.739627
      828.200000       0.743111
      828.300000       0.746590
      828.400000       0.750069
      828.500000       0.753548
      828.600000       0.757027
      828.700000       0.760511
      828.800000       0.763990
      828.900000       0.767469
      829.000000       0.770948
      829.100000       0.774426
      829.200000       0.777910
      829.300000       0.781397
      829.400000       0.784891
      829.500000       0.788383
      829.600000       0.791875
      829.700000       0.795373
      829.800000       0.798865
      829.900000       0.802358
      830.000000       0.805851
      830.100000       0.809343
      830.200000       0.812841
      830.300000       0.816333
      830.400000       0.819826
      830.500000       0.823319
      830.600000       0.826811
      830.700000       0.830309
      830.800000       0.833801
      830.900000       0.837294
      831.000000       0.840786
      831.100000       0.844278
      831.200000       0.847776
      831.300000       0.851268
      831.400000       0.854761
      831.500000       0.858254
      831.600000       0.861746
      831.700000       0.865244
      831.800000       0.868736
      831.900000       0.872308
      832.000000       0.875236
      832.100000       0.876826
      832.200000       0.877879
      832.300000       0.878999
      832.400000       0.880120
      832.500000       0.881240
      832.600000       0.882360
      832.700000       0.883482
      832.800000       0.884603
      832.900000       0.885723
      833.000000       0.886843
      833.100000       0.887963
      833.200000       0.889086
      833.300000       0.890205
      833.400000       0.891325
      833.500000       0.892446
      833.600000       0.893567
      833.700000       0.894688
      833.800000       0.895808
      833.900000       0.896929
      834.000000       0.898049
      834.100000       0.899169
      834.200000       0.900291
      834.300000       0.901412
      834.400000       0.902532
      834.500000       0.903652
      834.600000       0.904772
      834.700000       0.905952
      834.800000       0.906626
      834.900000       0.906609
      835.000000       0.906482
      835.100000       0.906375
      835.200000       0.906267
      835.300000       0.906159
      835.400000       0.906051
      835.500000       0.905944
      835.600000       0.905836
      835.700000       0.905728
      835.800000       0.905621
      835.900000       0.905513
      836.000000       0.905405
      836.100000       0.905297
      836.200000       0.905190
      836.300000       0.905082
      836.400000       0.904974
      836.500000       0.904867
      836.600000       0.904759
      836.700000       0.904651
      836.800000       0.904543
      836.900000       0.904436
      837.000000       0.904328
      837.100000       0.904220
      837.200000       0.904112
      837.300000       0.904005
      837.400000       0.903897
      837.500000       0.903819
      837.600000       0.903479
      837.700000       0.902798
      837.800000       0.902077
      837.900000       0.901364
      838.000000       0.900651
      838.100000       0.899937
      838.200000       0.899223
      838.300000       0.898510
      838.400000       0.897797
      838.500000       0.897084
      838.600000       0.896371
      838.700000       0.895657
      838.800000       0.894944
      838.900000       0.894231
      839.000000       0.893517
      839.100000       0.892804
      839.200000       0.892089
      839.300000       0.891377
      839.400000       0.890663
      839.500000       0.889950
      839.600000       0.889238
      839.700000       0.888523
      839.800000       0.887810
      839.900000       0.887096
      840.000000       0.886383
      840.100000       0.885670
      840.200000       0.884956
      840.300000       0.884244
      840.400000       0.883522
      840.500000       0.882782
      840.600000       0.882038
      840.700000       0.881293
      840.800000       0.880549
      840.900000       0.879805
      841.000000       0.879061
      841.100000       0.878318
      841.200000       0.877573
      841.300000       0.876829
      841.400000       0.876085
      841.500000       0.875342
      841.600000       0.874598
      841.700000       0.873853
      841.800000       0.873109
      841.900000       0.872365
      842.000000       0.871622
      842.100000       0.870878
      842.200000       0.870133
      842.300000       0.869389
      842.400000       0.868646
      842.500000       0.867902
      842.600000       0.867158
      842.700000       0.866413
      842.800000       0.865670
      842.900000       0.864926
      843.000000       0.864181
      843.100000       0.863438
      843.200000       0.862694
      843.300000       0.861953
      843.400000       0.861214
      843.500000       0.860476
      843.600000       0.859737
      843.700000       0.858997
      843.800000       0.858259
      843.900000       0.857520
      844.000000       0.856780
      844.100000       0.856042
      844.200000       0.855302
      844.300000       0.854563
      844.400000       0.853825
      844.500000       0.853086
      844.600000       0.852348
      844.700000       0.851607
      844.800000       0.850868
      844.900000       0.850130
      845.000000       0.849391
      845.100000       0.848652
      845.200000       0.847912
      845.300000       0.847174
      845.400000       0.846435
      845.500000       0.845696
      845.600000       0.844958
      845.700000       0.844218
      845.800000       0.843479
      845.900000       0.842740
      846.000000       0.841991
      846.100000       0.841332
      846.200000       0.840791
      846.300000       0.840270
      846.400000       0.839746
      846.500000       0.839222
      846.600000       0.838697
      846.700000       0.838172
      846.800000       0.837649
      846.900000       0.837124
      847.000000       0.836600
      847.100000       0.836076
      847.200000       0.835551
      847.300000       0.835027
      847.400000       0.834503
      847.500000       0.833978
      847.600000       0.833454
      847.700000       0.832929
      847.800000       0.832405
      847.900000       0.831881
      848.000000       0.831357
      848.100000       0.830833
      848.200000       0.830307
      848.300000       0.829784
      848.400000       0.829260
      848.500000       0.828735
      848.600000       0.828210
      848.700000       0.827686
      848.800000       0.827160
      848.900000       0.826604
      849.000000       0.826480
      849.100000       0.826770
      849.200000       0.827013
      849.300000       0.827256
      849.400000       0.827499
      849.500000       0.827742
      849.600000       0.827985
      849.700000       0.828228
      849.800000       0.828470
      849.900000       0.828714
      850.000000       0.828957
      850.100000       0.829200
      850.200000       0.829443
      850.300000       0.829686
      850.400000       0.829929
      850.500000       0.830172
      850.600000       0.830415
      850.700000       0.830658
      850.800000       0.830901
      850.900000       0.831144
      851.000000       0.831387
      851.100000       0.831630
      851.200000       0.831873
      851.300000       0.832116
      851.400000       0.832359
      851.500000       0.832602
      851.600000       0.832845
      851.700000       0.833081
      851.800000       0.833326
      851.900000       0.834094
      852.000000       0.835318
      852.100000       0.836490
      852.200000       0.837664
      852.300000       0.838836
      852.400000       0.840008
      852.500000       0.841180
      852.600000       0.842352
      852.700000       0.843526
      852.800000       0.844697
      852.900000       0.845870
      853.000000       0.847042
      853.100000       0.848213
      853.200000       0.849387
      853.300000       0.850559
      853.400000       0.851731
      853.500000       0.852903
      853.600000       0.854075
      853.700000       0.855249
      853.800000       0.856421
      853.900000       0.857593
      854.000000       0.858765
      854.100000       0.859937
      854.200000       0.861111
      854.300000       0.862282
      854.400000       0.863455
      854.500000       0.864626
      854.600000       0.865798
      854.700000       0.866975
      854.800000       0.868126
      854.900000       0.869253
      855.000000       0.870383
      855.100000       0.871513
      855.200000       0.872644
      855.300000       0.873774
      855.400000       0.874904
      855.500000       0.876034
      855.600000       0.877163
      855.700000       0.878294
      855.800000       0.879424
      855.900000       0.880554
      856.000000       0.881684
      856.100000       0.882814
      856.200000       0.883946
      856.300000       0.885075
      856.400000       0.886205
      856.500000       0.887335
      856.600000       0.888465
      856.700000       0.889596
      856.800000       0.890725
      856.900000       0.891855
      857.000000       0.892985
      857.100000       0.894115
      857.200000       0.895246
      857.300000       0.896376
      857.400000       0.897506
      857.500000       0.898636
      857.600000       0.899763
      857.700000       0.900913
      857.800000       0.902096
      857.900000       0.903287
      858.000000       0.904478
      858.100000       0.905668
      858.200000       0.906859
      858.300000       0.908049
      858.400000       0.909239
      858.500000       0.910430
      858.600000       0.911619
      858.700000       0.912811
      858.800000       0.914001
      858.900000       0.915191
      859.000000       0.916381
      859.100000       0.917571
      859.200000       0.918763
      859.300000       0.919953
      859.400000       0.921143
      859.500000       0.922333
      859.600000       0.923523
      859.700000       0.924715
      859.800000       0.925905
      859.900000       0.927095
      860.000000       0.928285
      860.100000       0.929475
      860.200000       0.930667
      860.300000       0.931857
      860.400000       0.933047
      860.500000       0.934238
      860.600000       0.935425
      860.700000       0.936553
      860.800000       0.937628
      860.900000       0.938708
      861.000000       0.939789
      861.100000       0.940870
      861.200000       0.941952
      861.300000       0.943033
      861.400000       0.944113
      861.500000       0.945194
      861.600000       0.946274
      861.700000       0.947357
      861.800000       0.948437
      861.900000       0.949518
      862.000000       0.950598
      862.100000       0.951679
      862.200000       0.952761
      862.300000       0.953841
      862.400000       0.954922
      862.500000       0.956003
      862.600000       0.957084
      862.700000       0.958166
      862.800000       0.959246
      862.900000       0.960327
      863.000000       0.961408
      863.100000       0.962488
      863.200000       0.963571
      863.300000       0.964651
      863.400000       0.965731
      863.500000       0.966835
      863.600000       0.967762
      863.700000       0.968195
      863.800000       0.968364
      863.900000       0.968566
      864.000000       0.968767
      864.100000       0.968968
      864.200000       0.969169
      864.300000       0.969370
      864.400000       0.969572
      864.500000       0.969773
      864.600000       0.969974
      864.700000       0.970176
      864.800000       0.970377
      864.900000       0.970578
      865.000000       0.970779
      865.100000       0.970981
      865.200000       0.971182
      865.300000       0.971383
      865.400000       0.971585
      865.500000       0.971786
      865.600000       0.971987
      865.700000       0.972189
      865.800000       0.972390
      865.900000       0.972591
      866.000000       0.972792
      866.100000       0.972994
      866.200000       0.973195
      866.300000       0.973396
      866.400000       0.973597
      866.500000       0.973807
      866.600000       0.973951
      866.700000       0.973944
      866.800000       0.973870
      866.900000       0.973802
      867.000000       0.973736
      867.100000       0.973669
      867.200000       0.973603
      867.300000       0.973537
      867.400000       0.973469
      867.500000       0.973403
      867.600000       0.973337
      867.700000       0.973269
      867.800000       0.973203
      867.900000       0.973136
      868.000000       0.973070
      868.100000       0.973004
      868.200000       0.972936
      868.300000       0.972870
      868.400000       0.972803
      868.500000       0.972737
      868.600000       0.972670
      868.700000       0.972603
      868.800000       0.972537
      868.900000       0.972470
      869.000000       0.972403
      869.100000       0.972337
      869.200000       0.972270
      869.300000       0.972204
      869.400000       0.972137
      869.500000       0.972067
      869.600000       0.972019
      869.700000       0.972044
      869.800000       0.972116
      869.900000       0.972182
      870.000000       0.972249
      870.100000       0.972315
      870.200000       0.972381
      870.300000       0.972447
      870.400000       0.972513
      870.500000       0.972579
      870.600000       0.972645
      870.700000       0.972712
      870.800000       0.972778
      870.900000       0.972844
      871.000000       0.972910
      871.100000       0.972976
      871.200000       0.973043
      871.300000       0.973109
      871.400000       0.973175
      871.500000       0.973241
      871.600000       0.973307
      871.700000       0.973373
      871.800000       0.973440
      871.900000       0.973506
      872.000000       0.973572
      872.100000       0.973638
      872.200000       0.973704
      872.300000       0.973770
      872.400000       0.973836
      872.500000       0.973903
      872.600000       0.973951
      872.700000       0.974164
      872.800000       0.974543
      872.900000       0.974905
      873.000000       0.975266
      873.100000       0.975627
      873.200000       0.975989
      873.300000       0.976351
      873.400000       0.976712
      873.500000       0.977073
      873.600000       0.977434
      873.700000       0.977796
      873.800000       0.978158
      873.900000       0.978519
      874.000000       0.978880
      874.100000       0.979241
      874.200000       0.979603
      874.300000       0.979965
      874.400000       0.980326
      874.500000       0.980687
      874.600000       0.981048
      874.700000       0.981410
      874.800000       0.981772
      874.900000       0.982133
      875.000000       0.982494
      875.100000       0.982855
      875.200000       0.983217
      875.300000       0.983579
      875.400000       0.983940
      875.500000       0.984301
      875.600000       0.984664
      875.700000       0.985019
      875.800000       0.985354
      875.900000       0.985679
      876.000000       0.986006
      876.100000       0.986332
      876.200000       0.986658
      876.300000       0.986984
      876.400000       0.987310
      876.500000       0.987637
      876.600000       0.987963
      876.700000       0.988289
      876.800000       0.988615
      876.900000       0.988941
      877.000000       0.989268
      877.100000       0.989594
      877.200000       0.989920
      877.300000       0.990246
      877.400000       0.990572
      877.500000       0.990899
      877.600000       0.991225
      877.700000       0.991551
      877.800000       0.991878
      877.900000       0.992204
      878.000000       0.992530
      878.100000       0.992856
      878.200000       0.993182
      878.300000       0.993509
      878.400000       0.993835
      878.500000       0.994161
      878.600000       0.994488
      878.700000       0.994821
      878.800000       0.995096
      878.900000       0.995280
      879.000000       0.995438
      879.100000       0.995600
      879.200000       0.995762
      879.300000       0.995924
      879.400000       0.996086
      879.500000       0.996248
      879.600000       0.996410
      879.700000       0.996572
      879.800000       0.996734
      879.900000       0.996896
      880.000000       0.997058
      880.100000       0.997220
      880.200000       0.997382
      880.300000       0.997544
      880.400000       0.997706
      880.500000       0.997868
      880.600000       0.998029
      880.700000       0.998192
      880.800000       0.998354
      880.900000       0.998515
      881.000000       0.998677
      881.100000       0.998839
      881.200000       0.999001
      881.300000       0.999163
      881.400000       0.999325
      881.500000       0.999487
      881.600000       0.999649
      881.700000       0.999811
      881.800000       1.000000
      881.900000       0.999963
      882.000000       0.999563
      882.100000       0.999067
      882.200000       0.998584
      882.300000       0.998101
      882.400000       0.997619
      882.500000       0.997137
      882.600000       0.996655
      882.700000       0.996172
      882.800000       0.995689
      882.900000       0.995207
      883.000000       0.994724
      883.100000       0.994242
      883.200000       0.993758
      883.300000       0.993276
      883.400000       0.992794
      883.500000       0.992312
      883.600000       0.991830
      883.700000       0.991346
      883.800000       0.990864
      883.900000       0.990381
      884.000000       0.989899
      884.100000       0.989416
      884.200000       0.988933
      884.300000       0.988451
      884.400000       0.987969
      884.500000       0.987487
      884.600000       0.987004
      884.700000       0.986521
      884.800000       0.986039
      884.900000       0.985556
      885.000000       0.985074
      885.100000       0.984595
      885.200000       0.984115
      885.300000       0.983637
      885.400000       0.983158
      885.500000       0.982678
      885.600000       0.982200
      885.700000       0.981720
      885.800000       0.981241
      885.900000       0.980762
      886.000000       0.980283
      886.100000       0.979804
      886.200000       0.979324
      886.300000       0.978845
      886.400000       0.978366
      886.500000       0.977887
      886.600000       0.977408
      886.700000       0.976928
      886.800000       0.976450
      886.900000       0.975971
      887.000000       0.975492
      887.100000       0.975013
      887.200000       0.974533
      887.300000       0.974054
      887.400000       0.973576
      887.500000       0.973096
      887.600000       0.972617
      887.700000       0.972138
      887.800000       0.971659
      887.900000       0.971180
      888.000000       0.970701
      888.100000       0.970222
      888.200000       0.969743
      888.300000       0.969268
      888.400000       0.968793
      888.500000       0.968317
      888.600000       0.967842
      888.700000       0.967365
      888.800000       0.966890
      888.900000       0.966414
      889.000000       0.965938
      889.100000       0.965463
      889.200000       0.964986
      889.300000       0.964511
      889.400000       0.964035
      889.500000       0.963560
      889.600000       0.963085
      889.700000       0.962608
      889.800000       0.962132
      889.900000       0.961656
      890.000000       0.961181
      890.100000       0.960705
      890.200000       0.960229
      890.300000       0.959754
      890.400000       0.959278
      890.500000       0.958803
      890.600000       0.958327
      890.700000       0.957851
      890.800000       0.957375
      890.900000       0.956899
      891.000000       0.956423
      891.100000       0.955948
      891.200000       0.955461
      891.300000       0.955053
      891.400000       0.954930
      891.500000       0.954982
      891.600000       0.955013
      891.700000       0.955045
      891.800000       0.955076
      891.900000       0.955108
      892.000000       0.955139
      892.100000       0.955171
      892.200000       0.955202
      892.300000       0.955234
      892.400000       0.955265
      892.500000       0.955296
      892.600000       0.955328
      892.700000       0.955359
      892.800000       0.955391
      892.900000       0.955422
      893.000000       0.955454
      893.100000       0.955485
      893.200000       0.955517
      893.300000       0.955549
      893.400000       0.955580
      893.500000       0.955611
      893.600000       0.955643
      893.700000       0.955674
      893.800000       0.955706
      893.900000       0.955738
      894.000000       0.955769
      894.100000       0.955801
      894.200000       0.955832
      894.300000       0.955863
      894.400000       0.955890
      894.500000       0.955958
      894.600000       0.956131
      894.700000       0.956357
      894.800000       0.956575
      894.900000       0.956793
      895.000000       0.957013
      895.100000       0.957232
      895.200000       0.957451
      895.300000       0.957670
      895.400000       0.957889
      895.500000       0.958107
      895.600000       0.958326
      895.700000       0.958545
      895.800000       0.958764
      895.900000       0.958983
      896.000000       0.959201
      896.100000       0.959420
      896.200000       0.959639
      896.300000       0.959858
      896.400000       0.960077
      896.500000       0.960296
      896.600000       0.960515
      896.700000       0.960734
      896.800000       0.960952
      896.900000       0.961171
      897.000000       0.961390
      897.100000       0.961609
      897.200000       0.961828
      897.300000       0.962046
      897.400000       0.962265
      897.500000       0.962484
      897.600000       0.962703
      897.700000       0.962922
      897.800000       0.963140
      897.900000       0.963357
      898.000000       0.963574
      898.100000       0.963791
      898.200000       0.964009
      898.300000       0.964226
      898.400000       0.964443
      898.500000       0.964660
      898.600000       0.964878
      898.700000       0.965095
      898.800000       0.965312
      898.900000       0.965530
      899.000000       0.965747
      899.100000       0.965964
      899.200000       0.966182
      899.300000       0.966399
      899.400000       0.966616
      899.500000       0.966833
      899.600000       0.967051
      899.700000       0.967268
      899.800000       0.967485
      899.900000       0.967703
      900.000000       0.967920
      900.100000       0.968137
      900.200000       0.968355
      900.300000       0.968572
      900.400000       0.968789
      900.500000       0.969006
      900.600000       0.969224
      900.700000       0.969441
      900.800000       0.969658
      900.900000       0.969884
      901.000000       0.970039
      901.100000       0.970124
      901.200000       0.970216
      901.300000       0.970309
      901.400000       0.970401
      901.500000       0.970494
      901.600000       0.970586
      901.700000       0.970678
      901.800000       0.970771
      901.900000       0.970863
      902.000000       0.970956
      902.100000       0.971048
      902.200000       0.971141
      902.300000       0.971233
      902.400000       0.971326
      902.500000       0.971418
      902.600000       0.971510
      902.700000       0.971603
      902.800000       0.971695
      902.900000       0.971788
      903.000000       0.971880
      903.100000       0.971973
      903.200000       0.972065
      903.300000       0.972158
      903.400000       0.972250
      903.500000       0.972342
      903.600000       0.972435
      903.700000       0.972527
      903.800000       0.972620
      903.900000       0.972712
      904.000000       0.972805
      904.100000       0.972911
      904.200000       0.972915
      904.300000       0.972626
      904.400000       0.972179
      904.500000       0.971751
      904.600000       0.971322
      904.700000       0.970894
      904.800000       0.970466
      904.900000       0.970037
      905.000000       0.969609
      905.100000       0.969181
      905.200000       0.968752
      905.300000       0.968324
      905.400000       0.967896
      905.500000       0.967468
      905.600000       0.967039
      905.700000       0.966611
      905.800000       0.966183
      905.900000       0.965754
      906.000000       0.965326
      906.100000       0.964898
      906.200000       0.964469
      906.300000       0.964040
      906.400000       0.963612
      906.500000       0.963184
      906.600000       0.962756
      906.700000       0.962327
      906.800000       0.961899
      906.900000       0.961471
      907.000000       0.961043
      907.100000       0.960615
      907.200000       0.960186
      907.300000       0.959757
      907.400000       0.959329
      907.500000       0.958902
      907.600000       0.958476
      907.700000       0.958051
      907.800000       0.957626
      907.900000       0.957200
      908.000000       0.956775
      908.100000       0.956350
      908.200000       0.955924
      908.300000       0.955499
      908.400000       0.955074
      908.500000       0.954649
      908.600000       0.954224
      908.700000       0.953798
      908.800000       0.953373
      908.900000       0.952948
      909.000000       0.952523
      909.100000       0.952098
      909.200000       0.951672
      909.300000       0.951247
      909.400000       0.950822
      909.500000       0.950397
      909.600000       0.949972
      909.700000       0.949546
      909.800000       0.949121
      909.900000       0.948696
      910.000000       0.948271
      910.100000       0.947846
      910.200000       0.947419
      910.300000       0.946994
      910.400000       0.946569
      910.500000       0.946144
      910.600000       0.945720
      910.700000       0.945287
      910.800000       0.944906
      910.900000       0.944628
      911.000000       0.944392
      911.100000       0.944151
      911.200000       0.943909
      911.300000       0.943668
      911.400000       0.943427
      911.500000       0.943186
      911.600000       0.942945
      911.700000       0.942703
      911.800000       0.942462
      911.900000       0.942221
      912.000000       0.941980
      912.100000       0.941739
      912.200000       0.941497
      912.300000       0.941256
      912.400000       0.941015
      912.500000       0.940774
      912.600000       0.940532
      912.700000       0.940291
      912.800000       0.940050
      912.900000       0.939809
      913.000000       0.939568
      913.100000       0.939326
      913.200000       0.939084
      913.300000       0.938844
      913.400000       0.938602
      913.500000       0.938361
      913.600000       0.938120
      913.700000       0.937878
      913.800000       0.937638
      913.900000       0.937396
      914.000000       0.937154
      914.100000       0.936913
      914.200000       0.936673
      914.300000       0.936434
      914.400000       0.936195
      914.500000       0.935955
      914.600000       0.935716
      914.700000       0.935476
      914.800000       0.935236
      914.900000       0.934997
      915.000000       0.934758
      915.100000       0.934518
      915.200000       0.934279
      915.300000       0.934039
      915.400000       0.933800
      915.500000       0.933560
      915.600000       0.933321
      915.700000       0.933082
      915.800000       0.932842
      915.900000       0.932603
      916.000000       0.932363
      916.100000       0.932124
      916.200000       0.931884
      916.300000       0.931645
      916.400000       0.931405
      916.500000       0.931166
      916.600000       0.930927
      916.700000       0.930686
      916.800000       0.930447
      916.900000       0.930208
      917.000000       0.929968
      917.100000       0.929729
      917.200000       0.929489
      917.300000       0.929250
      917.400000       0.929013
      917.500000       0.928755
      917.600000       0.928464
      917.700000       0.928165
      917.800000       0.927868
      917.900000       0.927571
      918.000000       0.927274
      918.100000       0.926978
      918.200000       0.926680
      918.300000       0.926383
      918.400000       0.926086
      918.500000       0.925789
      918.600000       0.925491
      918.700000       0.925194
      918.800000       0.924897
      918.900000       0.924600
      919.000000       0.924303
      919.100000       0.924006
      919.200000       0.923708
      919.300000       0.923411
      919.400000       0.923114
      919.500000       0.922817
      919.600000       0.922520
      919.700000       0.922223
      919.800000       0.921926
      919.900000       0.921629
      920.000000       0.921332
      920.100000       0.921034
      920.200000       0.920736
      920.300000       0.920439
      920.400000       0.920142
      920.500000       0.919845
      920.600000       0.919549
      920.700000       0.919251
      920.800000       0.918985
      920.900000       0.918441
      921.000000       0.917583
      921.100000       0.916725
      921.200000       0.915868
      921.300000       0.915013
      921.400000       0.914158
      921.500000       0.913303
      921.600000       0.912447
      921.700000       0.911590
      921.800000       0.910736
      921.900000       0.909880
      922.000000       0.909026
      922.100000       0.908170
      922.200000       0.907313
      922.300000       0.906458
      922.400000       0.905603
      922.500000       0.904748
      922.600000       0.903893
      922.700000       0.903036
      922.800000       0.902181
      922.900000       0.901326
      923.000000       0.900471
      923.100000       0.899616
      923.200000       0.898759
      923.300000       0.897904
      923.400000       0.897049
      923.500000       0.896194
      923.600000       0.895338
      923.700000       0.894481
      923.800000       0.893627
      923.900000       0.892772
      924.000000       0.891917
      924.100000       0.891061
      924.200000       0.890202
      924.300000       0.889363
      924.400000       0.888543
      924.500000       0.887723
      924.600000       0.886903
      924.700000       0.886083
      924.800000       0.885263
      924.900000       0.884444
      925.000000       0.883624
      925.100000       0.882805
      925.200000       0.881983
      925.300000       0.881164
      925.400000       0.880344
      925.500000       0.879525
      925.600000       0.878706
      925.700000       0.877884
      925.800000       0.877065
      925.900000       0.876245
      926.000000       0.875426
      926.100000       0.874606
      926.200000       0.873785
      926.300000       0.872965
      926.400000       0.872146
      926.500000       0.871326
      926.600000       0.870507
      926.700000       0.869686
      926.800000       0.868867
      926.900000       0.868047
      927.000000       0.867227
      927.100000       0.866408
      927.200000       0.865587
      927.300000       0.864768
      927.400000       0.863948
      927.500000       0.863128
      927.600000       0.862308
      927.700000       0.861489
      927.800000       0.860675
      927.900000       0.859861
      928.000000       0.859047
      928.100000       0.858234
      928.200000       0.857419
      928.300000       0.856606
      928.400000       0.855792
      928.500000       0.854978
      928.600000       0.854165
      928.700000       0.853350
      928.800000       0.852537
      928.900000       0.851723
      929.000000       0.850909
      929.100000       0.850096
      929.200000       0.849281
      929.300000       0.848468
      929.400000       0.847654
      929.500000       0.846840
      929.600000       0.846027
      929.700000       0.845212
      929.800000       0.844398
      929.900000       0.843585
      930.000000       0.842771
      930.100000       0.841958
      930.200000       0.841143
      930.300000       0.840330
      930.400000       0.839516
      930.500000       0.838703
      930.600000       0.837889
      930.700000       0.837074
      930.800000       0.836260
      930.900000       0.835447
      931.000000       0.834633
      931.100000       0.833818
      931.200000       0.833021
      931.300000       0.832244
      931.400000       0.831466
      931.500000       0.830687
      931.600000       0.829908
      931.700000       0.829129
      931.800000       0.828350
      931.900000       0.827571
      932.000000       0.826793
      932.100000       0.826014
      932.200000       0.825234
      932.300000       0.824455
      932.400000       0.823677
      932.500000       0.822898
      932.600000       0.822119
      932.700000       0.821340
      932.800000       0.820561
      932.900000       0.819782
      933.000000       0.819004
      933.100000       0.818225
      933.200000       0.817445
      933.300000       0.816666
      933.400000       0.815887
      933.500000       0.815109
      933.600000       0.814330
      933.700000       0.813550
      933.800000       0.812772
      933.900000       0.811993
      934.000000       0.811214
      934.100000       0.810436
      934.200000       0.809656
      934.300000       0.808877
      934.400000       0.808098
      934.500000       0.807313
      934.600000       0.806563
      934.700000       0.806105
      934.800000       0.805873
      934.900000       0.805615
      935.000000       0.805358
      935.100000       0.805100
      935.200000       0.804842
      935.300000       0.804584
      935.400000       0.804327
      935.500000       0.804069
      935.600000       0.803812
      935.700000       0.803554
      935.800000       0.803296
      935.900000       0.803039
      936.000000       0.802781
      936.100000       0.802523
      936.200000       0.802265
      936.300000       0.802007
      936.400000       0.801750
      936.500000       0.801492
      936.600000       0.801235
      936.700000       0.800976
      936.800000       0.800719
      936.900000       0.800462
      937.000000       0.800203
      937.100000       0.799946
      937.200000       0.799689
      937.300000       0.799431
      937.400000       0.799172
      937.500000       0.798915
      937.600000       0.798658
      937.700000       0.798399
      937.800000       0.798142
      937.900000       0.797884
      938.000000       0.797623
      938.100000       0.797372
      938.200000       0.797345
      938.300000       0.797509
      938.400000       0.797651
      938.500000       0.797793
      938.600000       0.797935
      938.700000       0.798077
      938.800000       0.798219
      938.900000       0.798361
      939.000000       0.798503
      939.100000       0.798645
      939.200000       0.798787
      939.300000       0.798929
      939.400000       0.799072
      939.500000       0.799214
      939.600000       0.799356
      939.700000       0.799499
      939.800000       0.799640
      939.900000       0.799782
      940.000000       0.799925
      940.100000       0.800067
      940.200000       0.800208
      940.300000       0.800350
      940.400000       0.800493
      940.500000       0.800635
      940.600000       0.800777
      940.700000       0.800920
      940.800000       0.801062
      940.900000       0.801204
      941.000000       0.801346
      941.100000       0.801488
      941.200000       0.801630
      941.300000       0.801772
      941.400000       0.801914
      941.500000       0.802056
      941.600000       0.802198
      941.700000       0.802340
      941.800000       0.802481
      941.900000       0.802622
      942.000000       0.802763
      942.100000       0.802904
      942.200000       0.803045
      942.300000       0.803186
      942.400000       0.803327
      942.500000       0.803468
      942.600000       0.803609
      942.700000       0.803750
      942.800000       0.803891
      942.900000       0.804032
      943.000000       0.804173
      943.100000       0.804314
      943.200000       0.804455
      943.300000       0.804596
      943.400000       0.804737
      943.500000       0.804878
      943.600000       0.805019
      943.700000       0.805160
      943.800000       0.805301
      943.900000       0.805442
      944.000000       0.805583
      944.100000       0.805724
      944.200000       0.805865
      944.300000       0.806006
      944.400000       0.806147
      944.500000       0.806288
      944.600000       0.806429
      944.700000       0.806570
      944.800000       0.806711
      944.900000       0.806852
      945.000000       0.806993
      945.100000       0.807142
      945.200000       0.807250
      945.300000       0.807011
      945.400000       0.806505
      945.500000       0.806029
      945.600000       0.805554
      945.700000       0.805077
      945.800000       0.804601
      945.900000       0.804126
      946.000000       0.803650
      946.100000       0.803174
      946.200000       0.802697
      946.300000       0.802222
      946.400000       0.801747
      946.500000       0.801271
      946.600000       0.800795
      946.700000       0.800318
      946.800000       0.799843
      946.900000       0.799367
      947.000000       0.798891
      947.100000       0.798415
      947.200000       0.797939
      947.300000       0.797464
      947.400000       0.796988
      947.500000       0.796512
      947.600000       0.796036
      947.700000       0.795560
      947.800000       0.795084
      947.900000       0.794608
      948.000000       0.794133
      948.100000       0.793657
      948.200000       0.793181
      948.300000       0.792705
      948.400000       0.792229
      948.500000       0.791754
      948.600000       0.791278
      948.700000       0.790803
      948.800000       0.790317
      948.900000       0.789786
      949.000000       0.789227
      949.100000       0.788672
      949.200000       0.788116
      949.300000       0.787560
      949.400000       0.787005
      949.500000       0.786449
      949.600000       0.785894
      949.700000       0.785338
      949.800000       0.784782
      949.900000       0.784227
      950.000000       0.783671
      950.100000       0.783116
      950.200000       0.782559
      950.300000       0.782004
      950.400000       0.781448
      950.500000       0.780893
      950.600000       0.780338
      950.700000       0.779781
      950.800000       0.779226
      950.900000       0.778670
      951.000000       0.778115
      951.100000       0.777559
      951.200000       0.777003
      951.300000       0.776448
      951.400000       0.775892
      951.500000       0.775337
      951.600000       0.774781
      951.700000       0.774225
      951.800000       0.773670
      951.900000       0.773114
      952.000000       0.772559
      952.100000       0.772003
      952.200000       0.771446
      952.300000       0.770941
      952.400000       0.770193
      952.500000       0.767094
      952.600000       0.762142
      952.700000       0.757393
      952.800000       0.752652
      952.900000       0.747911
      953.000000       0.743170
      953.100000       0.738430
      953.200000       0.733682
      953.300000       0.728941
      953.400000       0.724200
      953.500000       0.719459
      953.600000       0.714718
      953.700000       0.709969
      953.800000       0.705229
      953.900000       0.700488
      954.000000       0.695746
      954.100000       0.691006
      954.200000       0.686258
      954.300000       0.681518
      954.400000       0.676776
      954.500000       0.672035
      954.600000       0.667295
      954.700000       0.662546
      954.800000       0.657805
      954.900000       0.653064
      955.000000       0.648323
      955.100000       0.643582
      955.200000       0.638834
      955.300000       0.634094
      955.400000       0.629353
      955.500000       0.624611
      955.600000       0.619871
      955.700000       0.615122
      955.800000       0.610382
      955.900000       0.605640
      956.000000       0.600899
      956.100000       0.596162
      956.200000       0.591422
      956.300000       0.586691
      956.400000       0.581959
      956.500000       0.577227
      956.600000       0.572496
      956.700000       0.567757
      956.800000       0.563026
      956.900000       0.558293
      957.000000       0.553561
      957.100000       0.548830
      957.200000       0.544091
      957.300000       0.539359
      957.400000       0.534628
      957.500000       0.529896
      957.600000       0.525164
      957.700000       0.520425
      957.800000       0.515694
      957.900000       0.510962
      958.000000       0.506229
      958.100000       0.501498
      958.200000       0.496760
      958.300000       0.492029
      958.400000       0.487297
      958.500000       0.482564
      958.600000       0.477833
      958.700000       0.473094
      958.800000       0.468362
      958.900000       0.463631
      959.000000       0.458899
      959.100000       0.454167
      959.200000       0.449428
      959.300000       0.444697
      959.400000       0.439965
      959.500000       0.435233
      959.600000       0.430498
      959.700000       0.425741
      959.800000       0.421469
      959.900000       0.417637
      960.000000       0.413755
      960.100000       0.409874
      960.200000       0.405986
      960.300000       0.402105
      960.400000       0.398223
      960.500000       0.394341
      960.600000       0.390460
      960.700000       0.386572
      960.800000       0.382691
      960.900000       0.378810
      961.000000       0.374928
      961.100000       0.371047
      961.200000       0.367159
      961.300000       0.363278
      961.400000       0.359397
      961.500000       0.355515
      961.600000       0.351634
      961.700000       0.347746
      961.800000       0.343865
      961.900000       0.339983
      962.000000       0.336102
      962.100000       0.332221
      962.200000       0.328333
      962.300000       0.324452
      962.400000       0.320570
      962.500000       0.316689
      962.600000       0.312808
      962.700000       0.308920
      962.800000       0.305039
      962.900000       0.301157
      963.000000       0.297275
      963.100000       0.293394
      963.200000       0.289506
      963.300000       0.285621
      963.400000       0.281732
      963.500000       0.278193
      963.600000       0.274970
      963.700000       0.271706
      963.800000       0.268447
      963.900000       0.265188
      964.000000       0.261928
      964.100000       0.258669
      964.200000       0.255405
      964.300000       0.252146
      964.400000       0.248887
      964.500000       0.245627
      964.600000       0.242368
      964.700000       0.239104
      964.800000       0.235845
      964.900000       0.232586
      965.000000       0.229327
      965.100000       0.226068
      965.200000       0.222804
      965.300000       0.219544
      965.400000       0.216285
      965.500000       0.213026
      965.600000       0.209767
      965.700000       0.206503
      965.800000       0.203244
      965.900000       0.199984
      966.000000       0.196725
      966.100000       0.193467
      966.200000       0.190202
      966.300000       0.186943
      966.400000       0.183683
      966.500000       0.180424
      966.600000       0.177166
      966.700000       0.173901
      966.800000       0.170643
      966.900000       0.167384
      967.000000       0.164124
      967.100000       0.160774
      967.200000       0.158216
      967.300000       0.156652
      967.400000       0.155175
      967.500000       0.153679
      967.600000       0.152182
      967.700000       0.150683
      967.800000       0.149187
      967.900000       0.147690
      968.000000       0.146192
      968.100000       0.144696
      968.200000       0.143197
      968.300000       0.141700
      968.400000       0.140203
      968.500000       0.138706
      968.600000       0.137209
      968.700000       0.135710
      968.800000       0.134214
      968.900000       0.132717
      969.000000       0.131220
      969.100000       0.129723
      969.200000       0.128224
      969.300000       0.126727
      969.400000       0.125230
      969.500000       0.123733
      969.600000       0.122237
      969.700000       0.120738
      969.800000       0.119241
      969.900000       0.117744
      970.000000       0.116247
      970.100000       0.114751
      970.200000       0.113251
      970.300000       0.111755
      970.400000       0.110258
      970.500000       0.108761
      970.600000       0.107265
      970.700000       0.105765
      970.800000       0.104268
      970.900000       0.102773
      971.000000       0.101289
      971.100000       0.099813
      971.200000       0.098334
      971.300000       0.096856
      971.400000       0.095379
      971.500000       0.093902
      971.600000       0.092425
      971.700000       0.090945
      971.800000       0.089468
      971.900000       0.087991
      972.000000       0.086514
      972.100000       0.085036
      972.200000       0.083557
      972.300000       0.082080
      972.400000       0.080603
      972.500000       0.079126
      972.600000       0.077649
      972.700000       0.076169
      972.800000       0.074692
      972.900000       0.073214
      973.000000       0.071737
      973.100000       0.070261
      973.200000       0.068781
      973.300000       0.067304
      973.400000       0.065827
      973.500000       0.064349
      973.600000       0.062873
      973.700000       0.061394
      973.800000       0.059916
      973.900000       0.058439
      974.000000       0.056962
      974.100000       0.055485
      974.200000       0.054005
      974.300000       0.052528
      974.400000       0.051051
      974.500000       0.049574
      974.600000       0.048068
      974.700000       0.046776
      974.800000       0.046102
      974.900000       0.045760
      975.000000       0.045379
      975.100000       0.044998
      975.200000       0.044615
      975.300000       0.044234
      975.400000       0.043852
      975.500000       0.043471
      975.600000       0.043089
      975.700000       0.042707
      975.800000       0.042325
      975.900000       0.041943
      976.000000       0.041562
      976.100000       0.041180
      976.200000       0.040798
      976.300000       0.040417
      976.400000       0.040035
      976.500000       0.039654
      976.600000       0.039272
      976.700000       0.038890
      976.800000       0.038509
      976.900000       0.038127
      977.000000       0.037746
      977.100000       0.037364
      977.200000       0.036982
      977.300000       0.036600
      977.400000       0.036219
      977.500000       0.035837
      977.600000       0.035455
      977.700000       0.035073
      977.800000       0.034691
      977.900000       0.034310
      978.000000       0.033928
      978.100000       0.033547
      978.200000       0.033165
      978.300000       0.032783
      978.400000       0.032402
      978.500000       0.032020
      978.600000       0.031642
      978.700000       0.031267
      978.800000       0.030891
      978.900000       0.030515
      979.000000       0.030139
      979.100000       0.029763
      979.200000       0.029386
      979.300000       0.029010
      979.400000       0.028634
      979.500000       0.028258
      979.600000       0.027882
      979.700000       0.027505
      979.800000       0.027129
      979.900000       0.026753
      980.000000       0.026377
      980.100000       0.026001
      980.200000       0.025625
      980.300000       0.025249
      980.400000       0.024873
      980.500000       0.024497
      980.600000       0.024121
      980.700000       0.023745
      980.800000       0.023369
      980.900000       0.022993
      981.000000       0.022617
      981.100000       0.022241
      981.200000       0.021864
      981.300000       0.021488
      981.400000       0.021112
      981.500000       0.020736
      981.600000       0.020360
      981.700000       0.019984
      981.800000       0.019608
      981.900000       0.019232
      982.000000       0.018856
      982.100000       0.018480
      982.200000       0.018103
      982.300000       0.017717
      982.400000       0.017423
      982.500000       0.017244
      982.600000       0.017075
      982.700000       0.016904
      982.800000       0.016733
      982.900000       0.016562
      983.000000       0.016391
      983.100000       0.016221
      983.200000       0.016049
      983.300000       0.015878
      983.400000       0.015707
      983.500000       0.015536
      983.600000       0.015365
      983.700000       0.015193
      983.800000       0.015022
      983.900000       0.014851
      984.000000       0.014681
      984.100000       0.014510
      984.200000       0.014338
      984.300000       0.014167
      984.400000       0.013996
      984.500000       0.013825
      984.600000       0.013654
      984.700000       0.013483
      984.800000       0.013312
      984.900000       0.013141
      985.000000       0.012970
      985.100000       0.012799
      985.200000       0.012628
      985.300000       0.012457
      985.400000       0.012286
      985.500000       0.012115
      985.600000       0.011944
      985.700000       0.011773
      985.800000       0.011602
      985.900000       0.011431
      986.000000       0.011260
      986.100000       0.011088
      986.200000       0.010915
      986.300000       0.010818
      986.400000       0.010792
      986.500000       0.010759
      986.600000       0.010725
      986.700000       0.010692
      986.800000       0.010659
      986.900000       0.010625
      987.000000       0.010592
      987.100000       0.010558
      987.200000       0.010525
      987.300000       0.010491
      987.400000       0.010458
      987.500000       0.010425
      987.600000       0.010391
      987.700000       0.010358
      987.800000       0.010324
      987.900000       0.010291
      988.000000       0.010257
      988.100000       0.010224
      988.200000       0.010191
      988.300000       0.010157
      988.400000       0.010124
      988.500000       0.010090
      988.600000       0.010057
      988.700000       0.010024
      988.800000       0.009990
      988.900000       0.009957
      989.000000       0.009923
      989.100000       0.009890
      989.200000       0.009856
      989.300000       0.009823
      989.400000       0.009790
      989.500000       0.009756
      989.600000       0.009723
      989.700000       0.009689
      989.800000       0.009656
      989.900000       0.009623
      990.000000       0.009589
      990.100000       0.009555
      990.200000       0.009523
      990.300000       0.009493
      990.400000       0.009462
      990.500000       0.009432
      990.600000       0.009401
      990.700000       0.009371
      990.800000       0.009340
      990.900000       0.009309
      991.000000       0.009279
      991.100000       0.009248
      991.200000       0.009218
      991.300000       0.009187
      991.400000       0.009156
      991.500000       0.009125
      991.600000       0.009095
      991.700000       0.009064
      991.800000       0.009034
      991.900000       0.009003
      992.000000       0.008972
      992.100000       0.008942
      992.200000       0.008911
      992.300000       0.008881
      992.400000       0.008850
      992.500000       0.008819
      992.600000       0.008789
      992.700000       0.008758
      992.800000       0.008728
      992.900000       0.008697
      993.000000       0.008666
      993.100000       0.008636
      993.200000       0.008605
      993.300000       0.008574
      993.400000       0.008544
      993.500000       0.008513
      993.600000       0.008483
      993.700000       0.008452
      993.800000       0.008421
      993.900000       0.008391
      994.000000       0.008361
      994.100000       0.008330
      994.200000       0.008297
      994.300000       0.008264
      994.400000       0.008231
      994.500000       0.008198
      994.600000       0.008165
      994.700000       0.008132
      994.800000       0.008099
      994.900000       0.008066
      995.000000       0.008033
      995.100000       0.008001
      995.200000       0.007968
      995.300000       0.007935
      995.400000       0.007902
      995.500000       0.007869
      995.600000       0.007836
      995.700000       0.007803
      995.800000       0.007770
      995.900000       0.007737
      996.000000       0.007704
      996.100000       0.007672
      996.200000       0.007639
      996.300000       0.007606
      996.400000       0.007573
      996.500000       0.007540
      996.600000       0.007507
      996.700000       0.007474
      996.800000       0.007441
      996.900000       0.007408
      997.000000       0.007376
      997.100000       0.007343
      997.200000       0.007310
      997.300000       0.007277
      997.400000       0.007244
      997.500000       0.007211
      997.600000       0.007178
      997.700000       0.007145
      997.800000       0.007112
      997.900000       0.007080
      998.000000       0.007047
      998.100000       0.007014
      998.200000       0.006981
      998.300000       0.006948
      998.400000       0.006916
      998.500000       0.006883
      998.600000       0.006851
      998.700000       0.006818
      998.800000       0.006785
      998.900000       0.006753
      999.000000       0.006720
      999.100000       0.006687
      999.200000       0.006655
      999.300000       0.006622
      999.400000       0.006590
      999.500000       0.006557
      999.600000       0.006524
      999.700000       0.006492
      999.800000       0.006459
      999.900000       0.006426
     1000.000000       0.006394
     1000.100000       0.006361
     1000.200000       0.006328
     1000.300000       0.006296
     1000.400000       0.006263
     1000.500000       0.006231
     1000.600000       0.006198
     1000.700000       0.006165
     1000.800000       0.006133
     1000.900000       0.006100
     1001.000000       0.006067
     1001.100000       0.006035
     1001.200000       0.006002
     1001.300000       0.005969
     1001.400000       0.005937
     1001.500000       0.005904
     1001.600000       0.005872
     1001.700000       0.005839
     1001.800000       0.005806
     1001.900000       0.005774
     1002.000000       0.005741
     1002.100000       0.005708
     1002.200000       0.005676
     1002.300000       0.005644
     1002.400000       0.005611
     1002.500000       0.005579
     1002.600000       0.005547
     1002.700000       0.005514
     1002.800000       0.005482
     1002.900000       0.005449
     1003.000000       0.005417
     1003.100000       0.005385
     1003.200000       0.005352
     1003.300000       0.005320
     1003.400000       0.005288
     1003.500000       0.005255
     1003.600000       0.005223
     1003.700000       0.005190
     1003.800000       0.005158
     1003.900000       0.005126
     1004.000000       0.005093
     1004.100000       0.005061
     1004.200000       0.005029
     1004.300000       0.004996
     1004.400000       0.004964
     1004.500000       0.004932
     1004.600000       0.004899
     1004.700000       0.004867
     1004.800000       0.004834
     1004.900000       0.004802
     1005.000000       0.004770
     1005.100000       0.004737
     1005.200000       0.004705
     1005.300000       0.004673
     1005.400000       0.004640
     1005.500000       0.004608
     1005.600000       0.004575
     1005.700000       0.004543
     1005.800000       0.004511
     1005.900000       0.004478
     1006.000000       0.004446
     1006.100000       0.004414
     1006.200000       0.004381
     1006.300000       0.004349
     1006.400000       0.004317
     1006.500000       0.004285
     1006.600000       0.004253
     1006.700000       0.004221
     1006.800000       0.004189
     1006.900000       0.004157
     1007.000000       0.004124
     1007.100000       0.004092
     1007.200000       0.004060
     1007.300000       0.004028
     1007.400000       0.003996
     1007.500000       0.003964
     1007.600000       0.003932
     1007.700000       0.003900
     1007.800000       0.003868
     1007.900000       0.003835
     1008.000000       0.003803
     1008.100000       0.003771
     1008.200000       0.003739
     1008.300000       0.003707
     1008.400000       0.003675
     1008.500000       0.003643
     1008.600000       0.003611
     1008.700000       0.003579
     1008.800000       0.003546
     1008.900000       0.003514
     1009.000000       0.003482
     1009.100000       0.003450
     1009.200000       0.003418
     1009.300000       0.003386
     1009.400000       0.003354
     1009.500000       0.003322
     1009.600000       0.003290
     1009.700000       0.003257
     1009.800000       0.003225
     1009.900000       0.003193
     1010.000000       0.003161
     1010.100000       0.003129
     1010.200000       0.003097
     1010.300000       0.003065
     1010.400000       0.003033
     1010.500000       0.003001
     1010.600000       0.002970
     1010.700000       0.002938
     1010.800000       0.002906
     1010.900000       0.002874
     1011.000000       0.002842
     1011.100000       0.002810
     1011.200000       0.002778
     1011.300000       0.002747
     1011.400000       0.002715
     1011.500000       0.002683
     1011.600000       0.002651
     1011.700000       0.002619
     1011.800000       0.002587
     1011.900000       0.002555
     1012.000000       0.002524
     1012.100000       0.002492
     1012.200000       0.002460
     1012.300000       0.002428
     1012.400000       0.002396
     1012.500000       0.002364
     1012.600000       0.002333
     1012.700000       0.002301
     1012.800000       0.002269
     1012.900000       0.002237
     1013.000000       0.002205
     1013.100000       0.002173
     1013.200000       0.002141
     1013.300000       0.002110
     1013.400000       0.002078
     1013.500000       0.002046
     1013.600000       0.002014
     1013.700000       0.001982
     1013.800000       0.001950
     1013.900000       0.001918
     1014.000000       0.001887
     1014.100000       0.001855
     1014.200000       0.001823
     1014.300000       0.001791
     1014.400000       0.001760
     1014.500000       0.001728
     1014.600000       0.001697
     1014.700000       0.001665
     1014.800000       0.001633
     1014.900000       0.001602
     1015.000000       0.001570
     1015.100000       0.001539
     1015.200000       0.001507
     1015.300000       0.001475
     1015.400000       0.001444
     1015.500000       0.001412
     1015.600000       0.001381
     1015.700000       0.001349
     1015.800000       0.001317
     1015.900000       0.001286
     1016.000000       0.001254
     1016.100000       0.001223
     1016.200000       0.001191
     1016.300000       0.001159
     1016.400000       0.001128
     1016.500000       0.001096
     1016.600000       0.001065
     1016.700000       0.001033
     1016.800000       0.001001
     1016.900000       0.000970
     1017.000000       0.000938
     1017.100000       0.000907
     1017.200000       0.000875
     1017.300000       0.000843
     1017.400000       0.000812
     1017.500000       0.000780
     1017.600000       0.000749
     1017.700000       0.000717
     1017.800000       0.000685
     1017.900000       0.000654
     1018.000000       0.000622
     1018.100000       0.000591
     1018.200000       0.000559
     1018.300000       0.000527
     1018.400000       0.000495
