   6  ,noaa_15_hirs_06.flt
Number of data points:
68
Wavenumber (cm-1)   Filter response
      712.100000       0.000000
      714.700000       0.014529
      715.200000       0.017447
      715.700000       0.024501
      716.200000       0.031613
      716.700000       0.036577
      717.200000       0.044631
      717.700000       0.056231
      718.200000       0.070024
      718.700000       0.085615
      719.200000       0.104580
      719.700000       0.126240
      720.200000       0.146490
      720.700000       0.170600
      721.200000       0.203490
      721.700000       0.244260
      722.200000       0.288380
      722.700000       0.335600
      723.200000       0.385660
      723.700000       0.436540
      724.200000       0.488690
      724.700000       0.542720
      725.200000       0.594800
      725.700000       0.640900
      726.200000       0.683290
      726.700000       0.722680
      727.200000       0.757760
      727.700000       0.787170
      728.200000       0.812910
      728.700000       0.834720
      729.200000       0.849550
      729.700000       0.861570
      730.200000       0.874720
      730.700000       0.889760
      731.200000       0.905040
      731.700000       0.920700
      732.200000       0.931360
      732.700000       0.940220
      733.200000       0.957490
      733.700000       0.979660
      734.200000       0.993230
      734.700000       0.999780
      735.200000       1.000000
      735.700000       0.986920
      736.200000       0.961270
      736.700000       0.921030
      737.200000       0.862190
      737.700000       0.784410
      738.200000       0.699510
      738.700000       0.611240
      739.200000       0.522150
      739.700000       0.435670
      740.200000       0.356630
      740.700000       0.287680
      741.200000       0.231840
      741.700000       0.189710
      742.200000       0.151090
      742.700000       0.113170
      743.200000       0.086892
      743.700000       0.071451
      744.200000       0.058409
      744.700000       0.048461
      745.200000       0.044148
      745.700000       0.035937
      746.200000       0.026243
      746.700000       0.021058
      747.600000       0.017843
      752.330000       0.000000
