2,   channel 2 SRF from file HRIR_N3_chan2.txt received July 2019 from Thomas Hall
Number of data points:
73
Wavenumber (cm-1)   Filter response
     2352.941200       0.000000
     2380.952400       0.035000
     2409.638600       0.095000
     2439.024400       0.300000
     2469.135800       0.630000
     2500.000000       1.000000
     2531.645600       0.995000
     2564.102600       0.990000
     2597.402600       0.980000
     2631.578900       0.920000
     2666.666700       0.825000
     2702.702700       0.815000
     2739.726000       0.880000
     2777.777800       0.970000
     2816.901400       0.815000
     2857.142900       0.420000
     2898.550700       0.210000
     2941.176500       0.060000
     2985.074600       0.025000
     3030.303000       0.010000
     3076.923100       0.000000
     3125.000000       0.000000
     3174.603200       0.000000
     3225.806500       0.000000
     3278.688500       0.000000
     3333.333300       0.005000
     3389.830500       0.010000
     3448.275900       0.020000
     3508.771900       0.025000
     3571.428600       0.030000
     3636.363600       0.040000
     3703.703700       0.045000
     3773.584900       0.060000
     3846.153800       0.075000
     3921.568600       0.085000
     4000.000000       0.090000
     4081.632700       0.070000
     4166.666700       0.030000
     4255.319100       0.010000
     4347.826100       0.000000
     4444.444400       0.000000
     4545.454500       0.000000
     4651.162800       0.000000
     4761.904800       0.000000
     4878.048800       0.000000
     5000.000000       0.000000
     5128.205100       0.000000
     5263.157900       0.000000
     5405.405400       0.000000
     5555.555600       0.000000
     5714.285700       0.000000
     5882.352900       0.000000
     6060.606100       0.000000
     6250.000000       0.000000
     6451.612900       0.000000
     6666.666700       0.000000
     6896.551700       0.000000
     7142.857100       0.000000
     7407.407400       0.000000
     7692.307700       0.020000
     8000.000000       0.075000
     8333.333300       0.080000
     8695.652200       0.085000
     9090.909100       0.080000
     9523.809500       0.080000
    10000.000000       0.065000
    10526.315800       0.060000
    11111.111100       0.050000
    11764.705900       0.040000
    12500.000000       0.030000
    13333.333300       0.020000
    14285.714300       0.005000
    15384.615400       0.000000
