  11  ,noaa_12_hirs_11.flt
Number of data points:
70
Wavenumber (cm-1)   Filter response
     1312.600000       0.000000
     1315.800000       0.002076
     1318.300000       0.006413
     1325.100000       0.015531
     1330.700000       0.026286
     1334.200000       0.038209
     1337.000000       0.061282
     1338.800000       0.087076
     1340.400000       0.119720
     1341.900000       0.163590
     1343.900000       0.251400
     1345.900000       0.384180
     1347.900000       0.567200
     1349.900000       0.731640
     1351.900000       0.875430
     1353.100000       0.943990
     1353.500000       0.954330
     1354.100000       0.961100
     1354.900000       0.958520
     1355.500000       0.953270
     1355.900000       0.945780
     1356.900000       0.909710
     1358.800000       0.830820
     1360.100000       0.783310
     1360.800000       0.755440
     1361.800000       0.733100
     1362.700000       0.717170
     1363.300000       0.716320
     1363.900000       0.716210
     1364.300000       0.728910
     1366.200000       0.787960
     1368.200000       0.891170
     1370.000000       0.990210
     1370.600000       0.998630
     1371.100000       1.000000
     1371.400000       0.996510
     1371.600000       0.990880
     1372.100000       0.974550
     1373.800000       0.891980
     1375.100000       0.827030
     1376.400000       0.748240
     1378.100000       0.677690
     1379.100000       0.648340
     1379.800000       0.632690
     1380.500000       0.622410
     1380.900000       0.619000
     1381.500000       0.616550
     1381.900000       0.615140
     1382.300000       0.615050
     1382.800000       0.617150
     1383.700000       0.618450
     1384.900000       0.620770
     1385.400000       0.619860
     1385.700000       0.617720
     1386.100000       0.611760
     1386.700000       0.599860
     1388.100000       0.548560
     1390.100000       0.442440
     1392.200000       0.329630
     1394.200000       0.224620
     1396.400000       0.140330
     1398.900000       0.085898
     1401.200000       0.052712
     1403.500000       0.032838
     1406.000000       0.023674
     1409.900000       0.015893
     1414.400000       0.009087
     1425.100000       0.003501
     1430.000000       0.000949
     1432.700000       0.000000
