   9  ,noaa_12_hirs_09.flt
Number of data points:
49
Wavenumber (cm-1)   Filter response
      977.500000       0.000000
      978.720000       0.001033
      980.210000       0.001736
      983.060000       0.004051
      990.330000       0.009372
      995.360000       0.015249
      999.740000       0.040275
     1002.500000       0.074324
     1004.900000       0.131010
     1007.400000       0.220960
     1009.600000       0.339870
     1011.500000       0.517280
     1013.500000       0.690240
     1015.700000       0.819170
     1018.000000       0.880210
     1019.800000       0.918020
     1020.400000       0.924890
     1021.000000       0.926800
     1022.200000       0.929850
     1023.200000       0.931480
     1023.500000       0.930310
     1024.400000       0.925690
     1025.400000       0.922030
     1025.700000       0.920600
     1026.000000       0.921110
     1026.400000       0.922950
     1027.500000       0.930090
     1030.300000       0.963200
     1032.500000       0.992150
     1033.300000       0.997800
     1033.900000       1.000000
     1034.300000       0.997430
     1034.600000       0.993610
     1034.900000       0.985860
     1035.900000       0.927330
     1038.000000       0.729410
     1040.000000       0.504650
     1042.100000       0.302370
     1044.100000       0.147940
     1046.400000       0.080712
     1048.800000       0.048678
     1051.000000       0.028998
     1053.900000       0.016989
     1056.500000       0.010712
     1057.900000       0.008846
     1065.700000       0.004046
     1070.500000       0.000638
     1074.100000       0.000008
     1075.600000       0.000000
