7,   channel 7 SRF (incl. blur) from file SRF_SIRS-D_Ch07.asc received July 2019 from Carsten Stanfuss
Number of data points:
281
Wavenumber (cm-1)   Filter response
      672.800000       0.000000
      672.850000       0.000000
      672.900000       0.000000
      672.950000       0.000000
      673.000000       0.000000
      673.050000       0.000000
      673.100000       0.000000
      673.150000       0.000000
      673.200000       0.000000
      673.250000       0.000000
      673.300000       0.000000
      673.350000       0.000000
      673.400000       0.000000
      673.450000       0.000000
      673.500000       0.000000
      673.550000       0.000000
      673.600000       0.000000
      673.650000       0.000000
      673.700000       0.000002
      673.750000       0.000195
      673.800000       0.000711
      673.850000       0.001549
      673.900000       0.002710
      673.950000       0.004192
      674.000000       0.005998
      674.050000       0.008125
      674.100000       0.010575
      674.150000       0.013348
      674.200000       0.016443
      674.250000       0.019860
      674.300000       0.023599
      674.350000       0.027661
      674.400000       0.032046
      674.450000       0.036752
      674.500000       0.041781
      674.550000       0.047133
      674.600000       0.052806
      674.650000       0.058803
      674.700000       0.065121
      674.750000       0.071762
      674.800000       0.078725
      674.850000       0.086011
      674.900000       0.093619
      674.950000       0.101549
      675.000000       0.109802
      675.050000       0.118377
      675.100000       0.127275
      675.150000       0.136495
      675.200000       0.146037
      675.250000       0.155902
      675.300000       0.166087
      675.350000       0.176403
      675.400000       0.186719
      675.450000       0.197035
      675.500000       0.207351
      675.550000       0.217667
      675.600000       0.227983
      675.650000       0.238299
      675.700000       0.248615
      675.750000       0.258931
      675.800000       0.269247
      675.850000       0.279562
      675.900000       0.289878
      675.950000       0.300194
      676.000000       0.310510
      676.050000       0.320826
      676.100000       0.331142
      676.150000       0.341458
      676.200000       0.351774
      676.250000       0.362090
      676.300000       0.372406
      676.350000       0.382722
      676.400000       0.393038
      676.450000       0.403354
      676.500000       0.413670
      676.550000       0.423986
      676.600000       0.434302
      676.650000       0.444618
      676.700000       0.454934
      676.750000       0.465250
      676.800000       0.475566
      676.850000       0.485882
      676.900000       0.496198
      676.950000       0.506514
      677.000000       0.516830
      677.050000       0.527145
      677.100000       0.537461
      677.150000       0.547777
      677.200000       0.558093
      677.250000       0.568409
      677.300000       0.578725
      677.350000       0.589041
      677.400000       0.599357
      677.450000       0.609673
      677.500000       0.619989
      677.550000       0.630305
      677.600000       0.640621
      677.650000       0.650937
      677.700000       0.661253
      677.750000       0.671569
      677.800000       0.681885
      677.850000       0.692201
      677.900000       0.702517
      677.950000       0.712833
      678.000000       0.723149
      678.050000       0.733465
      678.100000       0.743781
      678.150000       0.754097
      678.200000       0.764413
      678.250000       0.774728
      678.300000       0.785044
      678.350000       0.795360
      678.400000       0.805676
      678.450000       0.815992
      678.500000       0.826308
      678.550000       0.836624
      678.600000       0.846940
      678.650000       0.857256
      678.700000       0.867571
      678.750000       0.877693
      678.800000       0.887493
      678.850000       0.896971
      678.900000       0.906126
      678.950000       0.914959
      679.000000       0.923470
      679.050000       0.931658
      679.100000       0.939524
      679.150000       0.947068
      679.200000       0.954289
      679.250000       0.961188
      679.300000       0.967764
      679.350000       0.973888
      679.400000       0.979368
      679.450000       0.984204
      679.500000       0.988395
      679.550000       0.991941
      679.600000       0.994842
      679.650000       0.997099
      679.700000       0.998711
      679.750000       0.999678
      679.800000       1.000000
      679.850000       0.999678
      679.900000       0.998711
      679.950000       0.997099
      680.000000       0.994842
      680.050000       0.991941
      680.100000       0.988395
      680.150000       0.984204
      680.200000       0.979368
      680.250000       0.973888
      680.300000       0.967764
      680.350000       0.961188
      680.400000       0.954289
      680.450000       0.947068
      680.500000       0.939524
      680.550000       0.931658
      680.600000       0.923470
      680.650000       0.914959
      680.700000       0.906126
      680.750000       0.896971
      680.800000       0.887493
      680.850000       0.877693
      680.900000       0.867571
      680.950000       0.857256
      681.000000       0.846940
      681.050000       0.836624
      681.100000       0.826308
      681.150000       0.815992
      681.200000       0.805676
      681.250000       0.795360
      681.300000       0.785044
      681.350000       0.774728
      681.400000       0.764413
      681.450000       0.754097
      681.500000       0.743781
      681.550000       0.733465
      681.600000       0.723149
      681.650000       0.712833
      681.700000       0.702517
      681.750000       0.692201
      681.800000       0.681885
      681.850000       0.671569
      681.900000       0.661253
      681.950000       0.650937
      682.000000       0.640621
      682.050000       0.630305
      682.100000       0.619989
      682.150000       0.609673
      682.200000       0.599357
      682.250000       0.589041
      682.300000       0.578725
      682.350000       0.568409
      682.400000       0.558093
      682.450000       0.547777
      682.500000       0.537461
      682.550000       0.527145
      682.600000       0.516830
      682.650000       0.506514
      682.700000       0.496198
      682.750000       0.485882
      682.800000       0.475566
      682.850000       0.465250
      682.900000       0.454934
      682.950000       0.444618
      683.000000       0.434302
      683.050000       0.423986
      683.100000       0.413670
      683.150000       0.403354
      683.200000       0.393038
      683.250000       0.382722
      683.300000       0.372406
      683.350000       0.362090
      683.400000       0.351774
      683.450000       0.341458
      683.500000       0.331142
      683.550000       0.320826
      683.600000       0.310510
      683.650000       0.300194
      683.700000       0.289878
      683.750000       0.279562
      683.800000       0.269247
      683.850000       0.258931
      683.900000       0.248615
      683.950000       0.238299
      684.000000       0.227983
      684.050000       0.217667
      684.100000       0.207351
      684.150000       0.197035
      684.200000       0.186719
      684.250000       0.176403
      684.300000       0.166087
      684.350000       0.155902
      684.400000       0.146037
      684.450000       0.136495
      684.500000       0.127275
      684.550000       0.118377
      684.600000       0.109802
      684.650000       0.101549
      684.700000       0.093619
      684.750000       0.086011
      684.800000       0.078725
      684.850000       0.071762
      684.900000       0.065121
      684.950000       0.058803
      685.000000       0.052806
      685.050000       0.047133
      685.100000       0.041781
      685.150000       0.036752
      685.200000       0.032046
      685.250000       0.027661
      685.300000       0.023599
      685.350000       0.019860
      685.400000       0.016443
      685.450000       0.013348
      685.500000       0.010575
      685.550000       0.008125
      685.600000       0.005998
      685.650000       0.004192
      685.700000       0.002710
      685.750000       0.001549
      685.800000       0.000711
      685.850000       0.000195
      685.900000       0.000002
      685.950000       0.000000
      686.000000       0.000000
      686.050000       0.000000
      686.100000       0.000000
      686.150000       0.000000
      686.200000       0.000000
      686.250000       0.000000
      686.300000       0.000000
      686.350000       0.000000
      686.400000       0.000000
      686.450000       0.000000
      686.500000       0.000000
      686.550000       0.000000
      686.600000       0.000000
      686.650000       0.000000
      686.700000       0.000000
      686.750000       0.000000
      686.800000       0.000000
