   4, extracted from file vas_g07.srf.nc
Number of data points:
494
Wavenumber (cm-1)   Filter response
      690.300000       0.000200
      690.400000       0.000368
      690.500000       0.000536
      690.600000       0.000722
      690.700000       0.000737
      690.800000       0.000563
      690.900000       0.000394
      691.000000       0.000223
      691.100000       0.000062
      691.200000       0.000049
      691.300000       0.000161
      691.400000       0.000259
      691.500000       0.000356
      691.600000       0.000454
      691.700000       0.000551
      691.800000       0.000649
      691.900000       0.000746
      692.000000       0.000844
      692.100000       0.000941
      692.200000       0.001039
      692.300000       0.001136
      692.400000       0.001234
      692.500000       0.001336
      692.600000       0.001396
      692.700000       0.001401
      692.800000       0.001400
      692.900000       0.001400
      693.000000       0.001399
      693.100000       0.001409
      693.200000       0.001432
      693.300000       0.001452
      693.400000       0.001468
      693.500000       0.001504
      693.600000       0.001740
      693.700000       0.002132
      693.800000       0.002505
      693.900000       0.002890
      694.000000       0.003199
      694.100000       0.003263
      694.200000       0.003183
      694.300000       0.003121
      694.400000       0.003049
      694.500000       0.003059
      694.600000       0.003233
      694.700000       0.003469
      694.800000       0.003697
      694.900000       0.003941
      695.000000       0.004046
      695.100000       0.003953
      695.200000       0.003823
      695.300000       0.003699
      695.400000       0.003559
      695.500000       0.003563
      695.600000       0.003730
      695.700000       0.003896
      695.800000       0.004062
      695.900000       0.004224
      696.000000       0.004444
      696.100000       0.004719
      696.200000       0.004987
      696.300000       0.005251
      696.400000       0.005537
      696.500000       0.005983
      696.600000       0.006553
      696.700000       0.007110
      696.800000       0.007665
      696.900000       0.008228
      697.000000       0.008812
      697.100000       0.009410
      697.200000       0.010008
      697.300000       0.010619
      697.400000       0.011112
      697.500000       0.011338
      697.600000       0.011447
      697.700000       0.011571
      697.800000       0.011690
      697.900000       0.011838
      698.000000       0.012032
      698.100000       0.012239
      698.200000       0.012444
      698.300000       0.012639
      698.400000       0.012919
      698.500000       0.013315
      698.600000       0.013728
      698.700000       0.014138
      698.800000       0.014531
      698.900000       0.015066
      699.000000       0.015761
      699.100000       0.016458
      699.200000       0.017154
      699.300000       0.017853
      699.400000       0.018518
      699.500000       0.019148
      699.600000       0.019781
      699.700000       0.020413
      699.800000       0.021045
      699.900000       0.021747
      700.000000       0.022509
      700.100000       0.023264
      700.200000       0.024006
      700.300000       0.024814
      700.400000       0.026219
      700.500000       0.028085
      700.600000       0.029898
      700.700000       0.031712
      700.800000       0.033521
      700.900000       0.035308
      701.000000       0.037076
      701.100000       0.038845
      701.200000       0.040599
      701.300000       0.042472
      701.400000       0.044737
      701.500000       0.047222
      701.600000       0.049681
      701.700000       0.052115
      701.800000       0.054744
      701.900000       0.057865
      702.000000       0.061220
      702.100000       0.064547
      702.200000       0.067863
      702.300000       0.071264
      702.400000       0.074853
      702.500000       0.078508
      702.600000       0.082155
      702.700000       0.085742
      702.800000       0.089834
      702.900000       0.094850
      703.000000       0.100168
      703.100000       0.105447
      703.200000       0.110699
      703.300000       0.116166
      703.400000       0.121991
      703.500000       0.127903
      703.600000       0.133802
      703.700000       0.139603
      703.800000       0.146251
      703.900000       0.154176
      704.000000       0.162367
      704.100000       0.170517
      704.200000       0.178567
      704.300000       0.187484
      704.400000       0.197625
      704.500000       0.207956
      704.600000       0.218254
      704.700000       0.228492
      704.800000       0.239254
      704.900000       0.250725
      705.000000       0.262265
      705.100000       0.273790
      705.200000       0.285156
      705.300000       0.297925
      705.400000       0.312483
      705.500000       0.327186
      705.600000       0.341855
      705.700000       0.356477
      705.800000       0.371501
      705.900000       0.387043
      706.000000       0.402592
      706.100000       0.418134
      706.200000       0.433659
      706.300000       0.449335
      706.400000       0.465220
      706.500000       0.481088
      706.600000       0.496956
      706.700000       0.512880
      706.800000       0.528303
      706.900000       0.543165
      707.000000       0.557978
      707.100000       0.572802
      707.200000       0.587667
      707.300000       0.602166
      707.400000       0.616261
      707.500000       0.630315
      707.600000       0.644379
      707.700000       0.658619
      707.800000       0.671298
      707.900000       0.682158
      708.000000       0.692919
      708.100000       0.703710
      708.200000       0.714660
      708.300000       0.724210
      708.400000       0.732098
      708.500000       0.739877
      708.600000       0.747684
      708.700000       0.755611
      708.800000       0.762488
      708.900000       0.768083
      709.000000       0.773568
      709.100000       0.779077
      709.200000       0.784676
      709.300000       0.789486
      709.400000       0.793293
      709.500000       0.796984
      709.600000       0.800698
      709.700000       0.804394
      709.800000       0.808245
      709.900000       0.812314
      710.000000       0.816405
      710.100000       0.820492
      710.200000       0.824698
      710.300000       0.827879
      710.400000       0.829601
      710.500000       0.831042
      710.600000       0.832527
      710.700000       0.834018
      710.800000       0.835458
      710.900000       0.836822
      711.000000       0.838164
      711.100000       0.839509
      711.200000       0.840841
      711.300000       0.842288
      711.400000       0.843936
      711.500000       0.845642
      711.600000       0.847341
      711.700000       0.849015
      711.800000       0.850888
      711.900000       0.853152
      712.000000       0.855557
      712.100000       0.857944
      712.200000       0.860320
      712.300000       0.862790
      712.400000       0.865484
      712.500000       0.868272
      712.600000       0.871048
      712.700000       0.873832
      712.800000       0.876550
      712.900000       0.879082
      713.000000       0.881509
      713.100000       0.883948
      713.200000       0.886384
      713.300000       0.888839
      713.400000       0.891374
      713.500000       0.893953
      713.600000       0.896526
      713.700000       0.899095
      713.800000       0.901687
      713.900000       0.904436
      714.000000       0.907290
      714.100000       0.910133
      714.200000       0.912976
      714.300000       0.915816
      714.400000       0.918594
      714.500000       0.921309
      714.600000       0.924031
      714.700000       0.926753
      714.800000       0.929471
      714.900000       0.932247
      715.000000       0.935068
      715.100000       0.937884
      715.200000       0.940701
      715.300000       0.943537
      715.400000       0.946193
      715.500000       0.948645
      715.600000       0.951102
      715.700000       0.953562
      715.800000       0.956059
      715.900000       0.958231
      716.000000       0.959982
      716.100000       0.961689
      716.200000       0.963405
      716.300000       0.965149
      716.400000       0.966655
      716.500000       0.967785
      716.600000       0.968824
      716.700000       0.969875
      716.800000       0.970916
      716.900000       0.972044
      717.000000       0.973345
      717.100000       0.974714
      717.200000       0.976075
      717.300000       0.977424
      717.400000       0.978856
      717.500000       0.980525
      717.600000       0.982328
      717.700000       0.984114
      717.800000       0.985916
      717.900000       0.987626
      718.000000       0.988764
      718.100000       0.989492
      718.200000       0.990268
      718.300000       0.991044
      718.400000       0.991822
      718.500000       0.992511
      718.600000       0.993122
      718.700000       0.993741
      718.800000       0.994360
      718.900000       0.994964
      719.000000       0.995716
      719.100000       0.996631
      719.200000       0.997541
      719.300000       0.998450
      719.400000       0.999405
      719.500000       0.999970
      719.600000       1.000000
      719.700000       0.999947
      719.800000       0.999909
      719.900000       0.999907
      720.000000       0.999601
      720.100000       0.998719
      720.200000       0.997632
      720.300000       0.996572
      720.400000       0.995549
      720.500000       0.994235
      720.600000       0.992012
      720.700000       0.989275
      720.800000       0.986601
      720.900000       0.983950
      721.000000       0.981166
      721.100000       0.977085
      721.200000       0.971993
      721.300000       0.967016
      721.400000       0.962031
      721.500000       0.957260
      721.600000       0.950637
      721.700000       0.942149
      721.800000       0.933855
      721.900000       0.925549
      722.000000       0.917471
      722.100000       0.907515
      722.200000       0.895104
      722.300000       0.882381
      722.400000       0.869695
      722.500000       0.857195
      722.600000       0.843335
      722.700000       0.826873
      722.800000       0.809451
      722.900000       0.792126
      723.000000       0.774855
      723.100000       0.757396
      723.200000       0.739253
      723.300000       0.720689
      723.400000       0.702143
      723.500000       0.683641
      723.600000       0.665122
      723.700000       0.645718
      723.800000       0.625540
      723.900000       0.605415
      724.000000       0.585324
      724.100000       0.565213
      724.200000       0.545253
      724.300000       0.525473
      724.400000       0.505666
      724.500000       0.485889
      724.600000       0.466023
      724.700000       0.446869
      724.800000       0.428939
      724.900000       0.411350
      725.000000       0.393740
      725.100000       0.376049
      725.200000       0.358920
      725.300000       0.343676
      725.400000       0.329514
      725.500000       0.315246
      725.600000       0.300955
      725.700000       0.286678
      725.800000       0.273978
      725.900000       0.262641
      726.000000       0.251167
      726.100000       0.239691
      726.200000       0.228081
      726.300000       0.217659
      726.400000       0.208666
      726.500000       0.199792
      726.600000       0.190890
      726.700000       0.181943
      726.800000       0.173359
      726.900000       0.165471
      727.000000       0.157865
      727.100000       0.150223
      727.200000       0.142547
      727.300000       0.135091
      727.400000       0.128754
      727.500000       0.123218
      727.600000       0.117590
      727.700000       0.111961
      727.800000       0.106256
      727.900000       0.101232
      728.000000       0.096920
      728.100000       0.092546
      728.200000       0.088170
      728.300000       0.083766
      728.400000       0.079596
      728.500000       0.075808
      728.600000       0.072110
      728.700000       0.068399
      728.800000       0.064661
      728.900000       0.061126
      729.000000       0.058287
      729.100000       0.055854
      729.200000       0.053372
      729.300000       0.050886
      729.400000       0.048364
      729.500000       0.046512
      729.600000       0.045286
      729.700000       0.043990
      729.800000       0.042695
      729.900000       0.041419
      730.000000       0.039961
      730.100000       0.038240
      730.200000       0.036470
      730.300000       0.034707
      730.400000       0.032939
      730.500000       0.031196
      730.600000       0.029515
      730.700000       0.027871
      730.800000       0.026223
      730.900000       0.024568
      731.000000       0.022891
      731.100000       0.021794
      731.200000       0.021237
      731.300000       0.020621
      731.400000       0.020003
      731.500000       0.019364
      731.600000       0.018912
      731.700000       0.018733
      731.800000       0.018612
      731.900000       0.018481
      732.000000       0.018349
      732.100000       0.018221
      732.200000       0.018104
      732.300000       0.017993
      732.400000       0.017881
      732.500000       0.017769
      732.600000       0.017686
      732.700000       0.017343
      732.800000       0.016738
      732.900000       0.016161
      733.000000       0.015584
      733.100000       0.015019
      733.200000       0.014346
      733.300000       0.013485
      733.400000       0.012565
      733.500000       0.011655
      733.600000       0.010730
      733.700000       0.009887
      733.800000       0.009557
      733.900000       0.009600
      734.000000       0.009600
      734.100000       0.009600
      734.200000       0.009637
      734.300000       0.009349
      734.400000       0.008675
      734.500000       0.007984
      734.600000       0.007298
      734.700000       0.006603
      734.800000       0.005976
      734.900000       0.005515
      735.000000       0.005137
      735.100000       0.004749
      735.200000       0.004360
      735.300000       0.003970
      735.400000       0.003582
      735.500000       0.003194
      735.600000       0.002806
      735.700000       0.002418
      735.800000       0.002018
      735.900000       0.001720
      736.000000       0.001588
      736.100000       0.001502
      736.200000       0.001409
      736.300000       0.001313
      736.400000       0.001240
      736.500000       0.001322
      736.600000       0.001519
      736.700000       0.001703
      736.800000       0.001888
      736.900000       0.002094
      737.000000       0.002106
      737.100000       0.001869
      737.200000       0.001607
      737.300000       0.001349
      737.400000       0.001084
      737.500000       0.000870
      737.600000       0.000820
      737.700000       0.000868
      737.800000       0.000906
      737.900000       0.000942
      738.000000       0.000978
      738.100000       0.001016
      738.200000       0.001052
      738.300000       0.001088
      738.400000       0.001126
      738.500000       0.001162
      738.600000       0.001198
      738.700000       0.001236
      738.800000       0.001272
      738.900000       0.001308
      739.000000       0.001346
      739.100000       0.001382
      739.200000       0.001418
      739.300000       0.001456
      739.400000       0.001492
      739.500000       0.001528
      739.600000       0.001566
