  14  ,metop_02_hirs_14.flt
Number of data points:
623
Wavenumber (cm-1)   Filter response
     2179.900000       0.000000
     2180.000000       0.002437
     2180.100000       0.002439
     2180.200000       0.002470
     2180.300000       0.002529
     2180.400000       0.002617
     2180.500000       0.002730
     2180.600000       0.002867
     2180.700000       0.003023
     2180.800000       0.003196
     2180.900000       0.003379
     2181.000000       0.003569
     2181.100000       0.003761
     2181.200000       0.003948
     2181.300000       0.004128
     2181.400000       0.004294
     2181.500000       0.004443
     2181.600000       0.004570
     2181.700000       0.004673
     2181.800000       0.004750
     2181.900000       0.004799
     2182.000000       0.004819
     2182.100000       0.004811
     2182.200000       0.004775
     2182.300000       0.004712
     2182.400000       0.004626
     2182.500000       0.004520
     2182.600000       0.004396
     2182.700000       0.004259
     2182.800000       0.004113
     2182.900000       0.003963
     2183.000000       0.003812
     2183.100000       0.003665
     2183.200000       0.003525
     2183.300000       0.003397
     2183.400000       0.003282
     2183.500000       0.003185
     2183.600000       0.003106
     2183.700000       0.003048
     2183.800000       0.003011
     2183.900000       0.002996
     2184.000000       0.003004
     2184.100000       0.003033
     2184.200000       0.003083
     2184.300000       0.003153
     2184.400000       0.003241
     2184.500000       0.003346
     2184.600000       0.003466
     2184.700000       0.003600
     2184.800000       0.003744
     2184.900000       0.003898
     2185.000000       0.004058
     2185.100000       0.004224
     2185.200000       0.004392
     2185.300000       0.004562
     2185.400000       0.004731
     2185.500000       0.004899
     2185.600000       0.005063
     2185.700000       0.005222
     2185.800000       0.005375
     2185.900000       0.005521
     2186.000000       0.005659
     2186.100000       0.005787
     2186.200000       0.005905
     2186.300000       0.006012
     2186.400000       0.006106
     2186.500000       0.006187
     2186.600000       0.006255
     2186.700000       0.006309
     2186.800000       0.006349
     2186.900000       0.006375
     2187.000000       0.006388
     2187.100000       0.006387
     2187.200000       0.006375
     2187.300000       0.006352
     2187.400000       0.006321
     2187.500000       0.006283
     2187.600000       0.006241
     2187.700000       0.006197
     2187.800000       0.006154
     2187.900000       0.006115
     2188.000000       0.006083
     2188.100000       0.006062
     2188.200000       0.006053
     2188.300000       0.006061
     2188.400000       0.006087
     2188.500000       0.006134
     2188.600000       0.006205
     2188.700000       0.006300
     2188.800000       0.006421
     2188.900000       0.006569
     2189.000000       0.006744
     2189.100000       0.006945
     2189.200000       0.007172
     2189.300000       0.007422
     2189.400000       0.007695
     2189.500000       0.007988
     2189.600000       0.008298
     2189.700000       0.008622
     2189.800000       0.008959
     2189.900000       0.009304
     2190.000000       0.009655
     2190.100000       0.010011
     2190.200000       0.010367
     2190.300000       0.010724
     2190.400000       0.011078
     2190.500000       0.011431
     2190.600000       0.011780
     2190.700000       0.012127
     2190.800000       0.012472
     2190.900000       0.012816
     2191.000000       0.013161
     2191.100000       0.013508
     2191.200000       0.013860
     2191.300000       0.014219
     2191.400000       0.014588
     2191.500000       0.014969
     2191.600000       0.015364
     2191.700000       0.015777
     2191.800000       0.016208
     2191.900000       0.016660
     2192.000000       0.017133
     2192.100000       0.017629
     2192.200000       0.018147
     2192.300000       0.018688
     2192.400000       0.019138
     2192.500000       0.019731
     2192.600000       0.020344
     2192.700000       0.020978
     2192.800000       0.021629
     2192.900000       0.022296
     2193.000000       0.022976
     2193.100000       0.023669
     2193.200000       0.024373
     2193.300000       0.025087
     2193.400000       0.025812
     2193.500000       0.026549
     2193.600000       0.027300
     2193.700000       0.028066
     2193.800000       0.028853
     2193.900000       0.029663
     2194.000000       0.030503
     2194.100000       0.031379
     2194.200000       0.032298
     2194.300000       0.033267
     2194.400000       0.034293
     2194.500000       0.035386
     2194.600000       0.036553
     2194.700000       0.037802
     2194.800000       0.039141
     2194.900000       0.040578
     2195.000000       0.042120
     2195.100000       0.043773
     2195.200000       0.045543
     2195.300000       0.047435
     2195.400000       0.049453
     2195.500000       0.051600
     2195.600000       0.053878
     2195.700000       0.056289
     2195.800000       0.058834
     2195.900000       0.061514
     2196.000000       0.064328
     2196.100000       0.067276
     2196.200000       0.070359
     2196.300000       0.073575
     2196.400000       0.076926
     2196.500000       0.080411
     2196.600000       0.084031
     2196.700000       0.087789
     2196.800000       0.091687
     2196.900000       0.095728
     2197.000000       0.099916
     2197.100000       0.104260
     2197.200000       0.108760
     2197.300000       0.113420
     2197.400000       0.118250
     2197.500000       0.123270
     2197.600000       0.128480
     2197.700000       0.133880
     2197.800000       0.139490
     2197.900000       0.145320
     2198.000000       0.151370
     2198.100000       0.157660
     2198.200000       0.164200
     2198.300000       0.170980
     2198.400000       0.178030
     2198.500000       0.185330
     2198.600000       0.192890
     2198.700000       0.200730
     2198.800000       0.208830
     2198.900000       0.217210
     2199.000000       0.225850
     2199.100000       0.234760
     2199.200000       0.243920
     2199.300000       0.253350
     2199.400000       0.263020
     2199.500000       0.272940
     2199.600000       0.283080
     2199.700000       0.293450
     2199.800000       0.304020
     2199.900000       0.314800
     2200.000000       0.325760
     2200.100000       0.336870
     2200.200000       0.348140
     2200.300000       0.359550
     2200.400000       0.371090
     2200.500000       0.382730
     2200.600000       0.394480
     2200.700000       0.406300
     2200.800000       0.418190
     2200.900000       0.430120
     2201.000000       0.442090
     2201.100000       0.454080
     2201.200000       0.466070
     2201.300000       0.478050
     2201.400000       0.490000
     2201.500000       0.501900
     2201.600000       0.513760
     2201.700000       0.525540
     2201.800000       0.537240
     2201.900000       0.548840
     2202.000000       0.560340
     2202.100000       0.571720
     2202.200000       0.582970
     2202.300000       0.594070
     2202.400000       0.605030
     2202.500000       0.615830
     2202.600000       0.626460
     2202.700000       0.636910
     2202.800000       0.647180
     2202.900000       0.657260
     2203.000000       0.667150
     2203.100000       0.676830
     2203.200000       0.686300
     2203.300000       0.695560
     2203.400000       0.704600
     2203.500000       0.713430
     2203.600000       0.722030
     2203.700000       0.730400
     2203.800000       0.738540
     2203.900000       0.746450
     2204.000000       0.754120
     2204.100000       0.761550
     2204.200000       0.768750
     2204.300000       0.775700
     2204.400000       0.782400
     2204.500000       0.788850
     2204.600000       0.795050
     2204.700000       0.801000
     2204.800000       0.806700
     2204.900000       0.812150
     2205.000000       0.817340
     2205.100000       0.822280
     2205.200000       0.826970
     2205.300000       0.831420
     2205.400000       0.835620
     2205.500000       0.839580
     2205.600000       0.843310
     2205.700000       0.846810
     2205.800000       0.850090
     2205.900000       0.853150
     2206.000000       0.856010
     2206.100000       0.858710
     2206.200000       0.861210
     2206.300000       0.863540
     2206.400000       0.865710
     2206.500000       0.867720
     2206.600000       0.869580
     2206.700000       0.871310
     2206.800000       0.872920
     2206.900000       0.874430
     2207.000000       0.875830
     2207.100000       0.877160
     2207.200000       0.878410
     2207.300000       0.879600
     2207.400000       0.880730
     2207.500000       0.881820
     2207.600000       0.882880
     2207.700000       0.883920
     2207.800000       0.884940
     2207.900000       0.885950
     2208.000000       0.886970
     2208.100000       0.887970
     2208.200000       0.888990
     2208.300000       0.890030
     2208.400000       0.891110
     2208.500000       0.892220
     2208.600000       0.893390
     2208.700000       0.894600
     2208.800000       0.895870
     2208.900000       0.897200
     2209.000000       0.898590
     2209.100000       0.900060
     2209.200000       0.901600
     2209.300000       0.903210
     2209.400000       0.904890
     2209.500000       0.906650
     2209.600000       0.908490
     2209.700000       0.910390
     2209.800000       0.912370
     2209.900000       0.914420
     2210.000000       0.916540
     2210.100000       0.918730
     2210.200000       0.920980
     2210.300000       0.923280
     2210.400000       0.925630
     2210.500000       0.928030
     2210.600000       0.930460
     2210.700000       0.932920
     2210.800000       0.935410
     2210.900000       0.937910
     2211.000000       0.940430
     2211.100000       0.943000
     2211.200000       0.945570
     2211.300000       0.948130
     2211.400000       0.950680
     2211.500000       0.953220
     2211.600000       0.955740
     2211.700000       0.958230
     2211.800000       0.960690
     2211.900000       0.963120
     2212.000000       0.965520
     2212.100000       0.967870
     2212.200000       0.970180
     2212.300000       0.972440
     2212.400000       0.974650
     2212.500000       0.976800
     2212.600000       0.978900
     2212.700000       0.980930
     2212.800000       0.982890
     2212.900000       0.984780
     2213.000000       0.986590
     2213.100000       0.988310
     2213.200000       0.989940
     2213.300000       0.991470
     2213.400000       0.992900
     2213.500000       0.994210
     2213.600000       0.995410
     2213.700000       0.996480
     2213.800000       0.997430
     2213.900000       0.998230
     2214.000000       0.998890
     2214.100000       0.999400
     2214.200000       0.999760
     2214.300000       0.999960
     2214.400000       1.000000
     2214.500000       0.999880
     2214.600000       0.999580
     2214.700000       0.999130
     2214.800000       0.998500
     2214.900000       0.997700
     2215.000000       0.996740
     2215.100000       0.995610
     2215.200000       0.994310
     2215.300000       0.992840
     2215.400000       0.991210
     2215.500000       0.989420
     2215.600000       0.987470
     2215.700000       0.985350
     2215.800000       0.983070
     2215.900000       0.980630
     2216.000000       0.978030
     2216.100000       0.975250
     2216.200000       0.972300
     2216.300000       0.969200
     2216.400000       0.965920
     2216.500000       0.962490
     2216.600000       0.958890
     2216.700000       0.955120
     2216.800000       0.951180
     2216.900000       0.947070
     2217.000000       0.942790
     2217.100000       0.938340
     2217.200000       0.933710
     2217.300000       0.928910
     2217.400000       0.923940
     2217.500000       0.918800
     2217.600000       0.913500
     2217.700000       0.908030
     2217.800000       0.902400
     2217.900000       0.896610
     2218.000000       0.890660
     2218.100000       0.884560
     2218.200000       0.878310
     2218.300000       0.871920
     2218.400000       0.865380
     2218.500000       0.858720
     2218.600000       0.851920
     2218.700000       0.844980
     2218.800000       0.837930
     2218.900000       0.830740
     2219.000000       0.823430
     2219.100000       0.815990
     2219.200000       0.808430
     2219.300000       0.800750
     2219.400000       0.792940
     2219.500000       0.785000
     2219.600000       0.776940
     2219.700000       0.768750
     2219.800000       0.760430
     2219.900000       0.751980
     2220.000000       0.743410
     2220.100000       0.734750
     2220.200000       0.725970
     2220.300000       0.717070
     2220.400000       0.708050
     2220.500000       0.698910
     2220.600000       0.689670
     2220.700000       0.680340
     2220.800000       0.670910
     2220.900000       0.661400
     2221.000000       0.651820
     2221.100000       0.642180
     2221.200000       0.632490
     2221.300000       0.622760
     2221.400000       0.613000
     2221.500000       0.603220
     2221.600000       0.593440
     2221.700000       0.583650
     2221.800000       0.573880
     2221.900000       0.564120
     2222.000000       0.554390
     2222.100000       0.544680
     2222.200000       0.534990
     2222.300000       0.525340
     2222.400000       0.515730
     2222.500000       0.506160
     2222.600000       0.496630
     2222.700000       0.487140
     2222.800000       0.477680
     2222.900000       0.468260
     2223.000000       0.458870
     2223.100000       0.449510
     2223.200000       0.440190
     2223.300000       0.430890
     2223.400000       0.421620
     2223.500000       0.412380
     2223.600000       0.403180
     2223.700000       0.394020
     2223.800000       0.384890
     2223.900000       0.375820
     2224.000000       0.366800
     2224.100000       0.357840
     2224.200000       0.348950
     2224.300000       0.340140
     2224.400000       0.331420
     2224.500000       0.322800
     2224.600000       0.314300
     2224.700000       0.305910
     2224.800000       0.297660
     2224.900000       0.289550
     2225.000000       0.281580
     2225.100000       0.273770
     2225.200000       0.266130
     2225.300000       0.258640
     2225.400000       0.251320
     2225.500000       0.244170
     2225.600000       0.237180
     2225.700000       0.230360
     2225.800000       0.223700
     2225.900000       0.217200
     2226.000000       0.210850
     2226.100000       0.204650
     2226.200000       0.198580
     2226.300000       0.192650
     2226.400000       0.186860
     2226.500000       0.181180
     2226.600000       0.175630
     2226.700000       0.170180
     2226.800000       0.164850
     2226.900000       0.159620
     2227.000000       0.154500
     2227.100000       0.149480
     2227.200000       0.144560
     2227.300000       0.139750
     2227.400000       0.135040
     2227.500000       0.130440
     2227.600000       0.125960
     2227.700000       0.121590
     2227.800000       0.117330
     2227.900000       0.113200
     2228.000000       0.109200
     2228.100000       0.105330
     2228.200000       0.101580
     2228.300000       0.097971
     2228.400000       0.094494
     2228.500000       0.091151
     2228.600000       0.087940
     2228.700000       0.084860
     2228.800000       0.081908
     2228.900000       0.079079
     2229.000000       0.076369
     2229.100000       0.073772
     2229.200000       0.071282
     2229.300000       0.068893
     2229.400000       0.066599
     2229.500000       0.064393
     2229.600000       0.062268
     2229.700000       0.060218
     2229.800000       0.058238
     2229.900000       0.056322
     2230.000000       0.054467
     2230.100000       0.052671
     2230.200000       0.050929
     2230.300000       0.049238
     2230.400000       0.047597
     2230.500000       0.046005
     2230.600000       0.044463
     2230.700000       0.042970
     2230.800000       0.041527
     2230.900000       0.040135
     2231.000000       0.038796
     2231.100000       0.037509
     2231.200000       0.036275
     2231.300000       0.035096
     2231.400000       0.033969
     2231.500000       0.032895
     2231.600000       0.031871
     2231.700000       0.030897
     2231.800000       0.029969
     2231.900000       0.029083
     2232.000000       0.028237
     2232.100000       0.027426
     2232.200000       0.026645
     2232.300000       0.025890
     2232.400000       0.025157
     2232.500000       0.024441
     2232.600000       0.023739
     2232.700000       0.023046
     2232.800000       0.022360
     2232.900000       0.021679
     2233.000000       0.021000
     2233.100000       0.020324
     2233.200000       0.019651
     2233.300000       0.018981
     2233.400000       0.018317
     2233.500000       0.017661
     2233.600000       0.017017
     2233.700000       0.016388
     2233.800000       0.015779
     2233.900000       0.015195
     2234.000000       0.014639
     2234.100000       0.014117
     2234.200000       0.013632
     2234.300000       0.013187
     2234.400000       0.012787
     2234.500000       0.012432
     2234.600000       0.012124
     2234.700000       0.011863
     2234.800000       0.011647
     2234.900000       0.011476
     2235.000000       0.011346
     2235.100000       0.011253
     2235.200000       0.011193
     2235.300000       0.011160
     2235.400000       0.011148
     2235.500000       0.011151
     2235.600000       0.011163
     2235.700000       0.011176
     2235.800000       0.011184
     2235.900000       0.011182
     2236.000000       0.011162
     2236.100000       0.011122
     2236.200000       0.011055
     2236.300000       0.010959
     2236.400000       0.010831
     2236.500000       0.010670
     2236.600000       0.010476
     2236.700000       0.010249
     2236.800000       0.009993
     2236.900000       0.009709
     2237.000000       0.009401
     2237.100000       0.009074
     2237.200000       0.008733
     2237.300000       0.008382
     2237.400000       0.008040
     2237.500000       0.007715
     2237.600000       0.007397
     2237.700000       0.007091
     2237.800000       0.006800
     2237.900000       0.006528
     2238.000000       0.006280
     2238.100000       0.006057
     2238.200000       0.005863
     2238.300000       0.005698
     2238.400000       0.005563
     2238.500000       0.005459
     2238.600000       0.005386
     2238.700000       0.005341
     2238.800000       0.005323
     2238.900000       0.005330
     2239.000000       0.005359
     2239.100000       0.005406
     2239.200000       0.005469
     2239.300000       0.005543
     2239.400000       0.005625
     2239.500000       0.005710
     2239.600000       0.005795
     2239.700000       0.005877
     2239.800000       0.005952
     2239.900000       0.006017
     2240.000000       0.006069
     2240.100000       0.006105
     2240.200000       0.006124
     2240.300000       0.006125
     2240.400000       0.006105
     2240.500000       0.006064
     2240.600000       0.006002
     2240.700000       0.005918
     2240.800000       0.005814
     2240.900000       0.005689
     2241.000000       0.005545
     2241.100000       0.005383
     2241.200000       0.005206
     2241.300000       0.005015
     2241.400000       0.004812
     2241.500000       0.004600
     2241.600000       0.004382
     2241.700000       0.004161
     2241.800000       0.003938
     2241.900000       0.003717
     2242.000000       0.003501
     2242.100000       0.000000
