  15  ,noaa_07_hirs_15.flt
Number of data points:
52
Wavenumber (cm-1)   Filter response
     2200.600000       0.000000
     2205.200000       0.005119
     2208.700000       0.005695
     2214.400000       0.012870
     2217.600000       0.020858
     2218.400000       0.030703
     2220.000000       0.045024
     2220.900000       0.066328
     2222.400000       0.110060
     2224.500000       0.190260
     2225.100000       0.224220
     2226.100000       0.341930
     2227.000000       0.408620
     2227.800000       0.489030
     2228.100000       0.537800
     2229.900000       0.692460
     2230.600000       0.768620
     2231.400000       0.822160
     2232.300000       0.883980
     2232.900000       0.914060
     2233.300000       0.929540
     2233.500000       0.943520
     2234.400000       0.975640
     2235.100000       0.981420
     2236.100000       1.000000
     2237.100000       0.998560
     2238.000000       0.992330
     2240.200000       0.963080
     2241.000000       0.951740
     2241.900000       0.935690
     2243.200000       0.928670
     2243.600000       0.932430
     2244.500000       0.935620
     2245.700000       0.949450
     2246.900000       0.956050
     2247.700000       0.945220
     2248.600000       0.916980
     2249.400000       0.883250
     2250.400000       0.794670
     2251.200000       0.699020
     2251.900000       0.596150
     2252.700000       0.467370
     2253.300000       0.384350
     2254.200000       0.282330
     2255.200000       0.181420
     2255.900000       0.138530
     2257.100000       0.091311
     2258.000000       0.062979
     2259.200000       0.040242
     2261.600000       0.021528
     2267.800000       0.004196
     2272.500000       0.000000
