  16  ,noaa_09_hirs_16.flt
Number of data points:
50
Wavenumber (cm-1)   Filter response
     2200.200000       0.000000
     2215.100000       0.002163
     2226.800000       0.005522
     2231.400000       0.009415
     2236.400000       0.016854
     2240.000000       0.028521
     2243.100000       0.049196
     2245.300000       0.081237
     2247.400000       0.111740
     2248.900000       0.148070
     2251.400000       0.239900
     2253.600000       0.325680
     2255.400000       0.403030
     2257.400000       0.500180
     2259.400000       0.607020
     2261.100000       0.679210
     2262.700000       0.744950
     2263.800000       0.778440
     2265.200000       0.807920
     2266.800000       0.827010
     2268.900000       0.841720
     2271.600000       0.850360
     2274.000000       0.858510
     2276.300000       0.871380
     2278.100000       0.889350
     2279.300000       0.911520
     2280.500000       0.936140
     2282.500000       0.978950
     2283.800000       1.000000
     2284.800000       0.999150
     2286.100000       0.978250
     2287.200000       0.949380
     2287.900000       0.888190
     2289.100000       0.776940
     2290.000000       0.673890
     2291.700000       0.527960
     2292.800000       0.385990
     2294.300000       0.290540
     2296.000000       0.215510
     2296.900000       0.173160
     2297.700000       0.142920
     2299.500000       0.096433
     2301.000000       0.064868
     2303.400000       0.042881
     2306.100000       0.025465
     2310.600000       0.019488
     2316.900000       0.013557
     2323.000000       0.010983
     2332.500000       0.000672
     2400.000000       0.000000
