3,   from L7_ETM_RSR.xls (col 1 Landsat7-TM
Number of data points:
106
Wavenumber (cm-1)   Filter response
    13513.513500       0.000000
    13698.630100       0.000000
    13793.103400       0.000000
    13888.888900       0.000000
    13986.014000       0.000000
    14084.507000       0.000000
    14184.397200       0.000000
    14204.545500       0.007500
    14224.751100       0.010100
    14245.014200       0.014200
    14265.335200       0.019600
    14285.714300       0.025000
    14306.151600       0.036000
    14326.647600       0.053000
    14347.202300       0.079000
    14367.816100       0.120000
    14388.489200       0.183000
    14409.221900       0.272000
    14430.014400       0.382000
    14450.867100       0.506000
    14471.780000       0.625000
    14492.753600       0.729000
    14513.788100       0.809000
    14534.883700       0.863000
    14556.040800       0.898000
    14577.259500       0.919000
    14598.540100       0.932000
    14619.883000       0.940000
    14641.288400       0.949000
    14662.756600       0.960000
    14684.287800       0.970000
    14705.882400       0.977000
    14727.540500       0.984000
    14749.262500       0.988000
    14771.048700       0.989000
    14792.899400       0.991000
    14814.814800       0.992000
    14836.795300       0.993000
    14858.841000       0.995000
    14880.952400       0.996000
    14903.129700       0.998000
    14925.373100       1.000000
    14947.683100       1.000000
    14970.059900       0.999000
    14992.503700       0.997000
    15015.015000       0.996000
    15037.594000       0.993000
    15060.241000       0.988000
    15082.956300       0.983000
    15105.740200       0.977000
    15128.593000       0.969000
    15151.515200       0.962000
    15174.506800       0.956000
    15197.568400       0.955000
    15220.700200       0.955000
    15243.902400       0.956000
    15267.175600       0.958000
    15290.519900       0.963000
    15313.935700       0.969000
    15337.423300       0.972000
    15360.983100       0.974000
    15384.615400       0.973000
    15408.320500       0.971000
    15432.098800       0.968000
    15455.950500       0.961000
    15479.876200       0.953000
    15503.876000       0.949000
    15527.950300       0.943000
    15552.099500       0.938000
    15576.324000       0.935000
    15600.624000       0.935000
    15625.000000       0.937000
    15649.452300       0.939000
    15673.981200       0.942000
    15698.587100       0.943000
    15723.270400       0.941000
    15748.031500       0.921000
    15772.870700       0.873000
    15797.788300       0.788000
    15822.784800       0.674000
    15847.860500       0.545000
    15873.015900       0.419000
    15898.251200       0.306000
    15923.566900       0.211000
    15948.963300       0.137000
    15974.440900       0.083000
    16000.000000       0.047000
    16025.641000       0.025000
    16051.364400       0.013000
    16077.170400       0.006000
    16103.059600       0.003000
    16129.032300       0.002000
    16155.088900       0.001400
    16181.229800       0.000600
    16207.455400       0.000500
    16233.766200       0.000000
    16260.162600       0.000100
    16286.645000       0.000500
    16313.213700       0.000000
    16339.869300       0.000000
    16366.612100       0.000000
    16393.442600       0.000000
    16528.925600       0.000000
    16666.666700       0.000000
    16949.152500       0.000000
    17241.379300       0.000000
