5,   channel 5 SRF from file NR013.txt received February 2021 from Eunha Sohn (KMA)
Number of data points:
265
Wavenumber (cm-1)   Filter response
     7143.000000       0.000224
     7144.000000       0.000169
     7145.000000       0.000117
     7146.000000       0.000064
     7147.000000       0.000025
     7148.000000       0.000008
     7149.000000       0.000004
     7150.000000       0.000000
     7151.000000       0.000000
     7152.000000       0.000000
     7153.000000       0.000000
     7154.000000       0.000010
     7155.000000       0.000043
     7156.000000       0.000098
     7157.000000       0.000159
     7158.000000       0.000223
     7159.000000       0.000289
     7160.000000       0.000369
     7161.000000       0.000454
     7162.000000       0.000542
     7163.000000       0.000621
     7164.000000       0.000699
     7165.000000       0.000781
     7166.000000       0.000864
     7167.000000       0.000927
     7168.000000       0.000965
     7169.000000       0.000969
     7170.000000       0.000963
     7171.000000       0.000953
     7172.000000       0.000940
     7173.000000       0.000926
     7174.000000       0.000908
     7175.000000       0.000876
     7176.000000       0.000833
     7177.000000       0.000782
     7178.000000       0.000731
     7179.000000       0.000683
     7180.000000       0.000633
     7181.000000       0.000577
     7182.000000       0.000526
     7183.000000       0.000480
     7184.000000       0.000448
     7185.000000       0.000424
     7186.000000       0.000402
     7187.000000       0.000383
     7188.000000       0.000372
     7189.000000       0.000366
     7190.000000       0.000417
     7191.000000       0.000539
     7192.000000       0.000715
     7193.000000       0.000960
     7194.000000       0.001212
     7195.000000       0.001522
     7196.000000       0.001940
     7197.000000       0.002457
     7198.000000       0.003054
     7199.000000       0.003693
     7200.000000       0.004360
     7201.000000       0.005068
     7202.000000       0.005870
     7203.000000       0.006788
     7204.000000       0.007877
     7205.000000       0.009304
     7206.000000       0.011224
     7207.000000       0.013608
     7208.000000       0.016685
     7209.000000       0.020214
     7210.000000       0.024390
     7211.000000       0.030328
     7212.000000       0.038026
     7213.000000       0.046897
     7214.000000       0.057220
     7215.000000       0.067975
     7216.000000       0.080297
     7217.000000       0.094298
     7218.000000       0.110134
     7219.000000       0.126603
     7220.000000       0.143729
     7221.000000       0.161303
     7222.000000       0.179436
     7223.000000       0.198345
     7224.000000       0.217976
     7225.000000       0.238105
     7226.000000       0.258681
     7227.000000       0.280284
     7228.000000       0.302493
     7229.000000       0.325374
     7230.000000       0.348073
     7231.000000       0.370368
     7232.000000       0.392696
     7233.000000       0.414816
     7234.000000       0.436396
     7235.000000       0.457160
     7236.000000       0.478071
     7237.000000       0.498443
     7238.000000       0.518935
     7239.000000       0.539616
     7240.000000       0.560050
     7241.000000       0.580133
     7242.000000       0.599084
     7243.000000       0.616904
     7244.000000       0.633431
     7245.000000       0.649054
     7246.000000       0.664070
     7247.000000       0.678947
     7248.000000       0.694295
     7249.000000       0.710030
     7250.000000       0.725956
     7251.000000       0.741600
     7252.000000       0.755870
     7253.000000       0.768879
     7254.000000       0.780606
     7255.000000       0.791671
     7256.000000       0.802425
     7257.000000       0.813535
     7258.000000       0.825567
     7259.000000       0.837959
     7260.000000       0.850434
     7261.000000       0.862960
     7262.000000       0.875481
     7263.000000       0.888133
     7264.000000       0.901184
     7265.000000       0.914227
     7266.000000       0.927081
     7267.000000       0.938629
     7268.000000       0.948805
     7269.000000       0.958349
     7270.000000       0.967480
     7271.000000       0.975271
     7272.000000       0.981943
     7273.000000       0.986770
     7274.000000       0.990883
     7275.000000       0.994491
     7276.000000       0.997241
     7277.000000       0.999106
     7278.000000       1.000000
     7279.000000       0.999943
     7280.000000       0.999853
     7281.000000       0.999803
     7282.000000       0.999786
     7283.000000       0.999794
     7284.000000       0.999392
     7285.000000       0.997257
     7286.000000       0.994160
     7287.000000       0.990399
     7288.000000       0.986339
     7289.000000       0.982071
     7290.000000       0.977159
     7291.000000       0.971445
     7292.000000       0.964425
     7293.000000       0.956147
     7294.000000       0.947147
     7295.000000       0.936799
     7296.000000       0.924727
     7297.000000       0.910657
     7298.000000       0.896041
     7299.000000       0.880903
     7300.000000       0.865684
     7301.000000       0.850308
     7302.000000       0.834945
     7303.000000       0.819484
     7304.000000       0.803689
     7305.000000       0.787435
     7306.000000       0.770337
     7307.000000       0.752215
     7308.000000       0.732692
     7309.000000       0.712623
     7310.000000       0.692209
     7311.000000       0.671433
     7312.000000       0.649896
     7313.000000       0.628396
     7314.000000       0.607172
     7315.000000       0.586161
     7316.000000       0.565471
     7317.000000       0.545023
     7318.000000       0.524762
     7319.000000       0.504722
     7320.000000       0.484892
     7321.000000       0.465419
     7322.000000       0.446358
     7323.000000       0.427463
     7324.000000       0.408734
     7325.000000       0.390278
     7326.000000       0.371937
     7327.000000       0.353117
     7328.000000       0.334185
     7329.000000       0.315373
     7330.000000       0.296769
     7331.000000       0.278908
     7332.000000       0.262231
     7333.000000       0.246590
     7334.000000       0.231680
     7335.000000       0.217753
     7336.000000       0.204434
     7337.000000       0.191545
     7338.000000       0.178988
     7339.000000       0.166726
     7340.000000       0.154694
     7341.000000       0.142897
     7342.000000       0.131411
     7343.000000       0.120126
     7344.000000       0.109066
     7345.000000       0.098313
     7346.000000       0.088452
     7347.000000       0.079303
     7348.000000       0.070880
     7349.000000       0.063181
     7350.000000       0.055908
     7351.000000       0.049113
     7352.000000       0.043147
     7353.000000       0.037886
     7354.000000       0.033298
     7355.000000       0.029037
     7356.000000       0.025253
     7357.000000       0.021857
     7358.000000       0.019021
     7359.000000       0.016672
     7360.000000       0.014590
     7361.000000       0.012716
     7362.000000       0.011102
     7363.000000       0.009739
     7364.000000       0.008630
     7365.000000       0.007704
     7366.000000       0.006887
     7367.000000       0.006180
     7368.000000       0.005556
     7369.000000       0.004989
     7370.000000       0.004497
     7371.000000       0.004053
     7372.000000       0.003659
     7373.000000       0.003286
     7374.000000       0.002929
     7375.000000       0.002570
     7376.000000       0.002210
     7377.000000       0.001861
     7378.000000       0.001524
     7379.000000       0.001217
     7380.000000       0.000939
     7381.000000       0.000689
     7382.000000       0.000459
     7383.000000       0.000245
     7384.000000       0.000051
     7385.000000       0.000000
     7386.000000       0.000000
     7387.000000       0.000000
     7388.000000       0.000000
     7389.000000       0.000000
     7390.000000       0.000000
     7391.000000       0.000000
     7392.000000       0.000000
     7393.000000       0.000000
     7394.000000       0.000000
     7395.000000       0.000000
     7396.000000       0.000000
     7397.000000       0.000000
     7398.000000       0.000000
     7399.000000       0.000000
     7400.000000       0.000000
     7401.000000       0.000000
     7402.000000       0.000000
     7403.000000       0.000000
     7404.000000       0.000000
     7405.000000       0.000022
     7406.000000       0.000041
     7407.000000       0.000057
