4,    channel 4 SRF extraacted from L9_OLI2_Ball_RSR.v1.0.xlsx (ch_res_4.txt)
Number of data points:
67
Wavenumber (cm-1)   Filter response
    14471.780000       0.000133
    14492.753600       0.000164
    14513.788100       0.000269
    14534.883700       0.000279
    14556.040800       0.000341
    14577.259500       0.000403
    14598.540100       0.000548
    14619.883000       0.000702
    14641.288400       0.000985
    14662.756600       0.001253
    14684.287800       0.002109
    14705.882400       0.003668
    14727.540500       0.006700
    14749.262500       0.012931
    14771.048700       0.025256
    14792.899400       0.052084
    14814.814800       0.105356
    14836.795300       0.215689
    14858.841000       0.416980
    14880.952400       0.668074
    14903.129700       0.859551
    14925.373100       0.964931
    14947.683100       0.980614
    14970.059900       0.979855
    14992.503700       0.980530
    15015.015000       0.986323
    15037.594000       0.987566
    15060.241000       0.981615
    15082.956300       0.971270
    15105.740200       0.963284
    15128.593000       0.963080
    15151.515200       0.967919
    15174.506800       0.980830
    15197.568400       0.988939
    15220.700200       0.985512
    15243.902400       0.980702
    15267.175600       0.968687
    15290.519900       0.960651
    15313.935700       0.961065
    15337.423300       0.970993
    15360.983100       0.985420
    15384.615400       0.996867
    15408.320500       1.000000
    15432.098800       0.992719
    15455.950500       0.980798
    15479.876200       0.971314
    15503.876000       0.969173
    15527.950300       0.973655
    15552.099500       0.981306
    15576.324000       0.986163
    15600.624000       0.986106
    15625.000000       0.982640
    15649.452300       0.966309
    15673.981200       0.932297
    15698.587100       0.778234
    15723.270400       0.508335
    15748.031500       0.275992
    15772.870700       0.129605
    15797.788300       0.061504
    15822.784800       0.027305
    15847.860500       0.014483
    15873.015900       0.008137
    15898.251200       0.003703
    15923.566900       0.002110
    15948.963300       0.001276
    15974.440900       0.000803
    16000.000000       0.000522
