5  ,noaa_18_hirs_05.flt   shift of -0.37cm-1 applied
Number of data points:
378
Wavenumber (cm-1)   Filter response
      694.430000       0.000000
      694.530000       0.000924
      694.630000       0.001349
      694.730000       0.001364
      694.830000       0.000986
      694.930000       0.000295
      695.030000       0.000586
      695.130000       0.001496
      695.230000       0.002288
      695.330000       0.002841
      695.430000       0.003079
      695.530000       0.001491
      695.630000       0.001561
      695.730000       0.001621
      695.830000       0.001682
      695.930000       0.001753
      696.030000       0.001840
      696.130000       0.001892
      696.230000       0.001880
      696.330000       0.001814
      696.430000       0.001717
      696.530000       0.001614
      696.630000       0.001532
      696.730000       0.001494
      696.830000       0.001514
      696.930000       0.001596
      697.030000       0.001733
      697.130000       0.001910
      697.230000       0.002106
      697.330000       0.002301
      697.430000       0.002478
      697.530000       0.002627
      697.630000       0.002747
      697.730000       0.002846
      697.830000       0.002940
      697.930000       0.003049
      698.030000       0.003193
      698.130000       0.003387
      698.230000       0.003642
      698.330000       0.003956
      698.430000       0.004323
      698.530000       0.004731
      698.630000       0.005162
      698.730000       0.005600
      698.830000       0.006034
      698.930000       0.006459
      699.030000       0.006878
      699.130000       0.007301
      699.230000       0.007745
      699.330000       0.008231
      699.430000       0.008777
      699.530000       0.009399
      699.630000       0.010108
      699.730000       0.010906
      699.830000       0.011787
      699.930000       0.012740
      700.030000       0.012001
      700.130000       0.012721
      700.230000       0.013649
      700.330000       0.014811
      700.430000       0.016201
      700.530000       0.017782
      700.630000       0.019491
      700.730000       0.021252
      700.830000       0.022991
      700.930000       0.024643
      701.030000       0.026173
      701.130000       0.027578
      701.230000       0.028888
      701.330000       0.030168
      701.430000       0.031506
      701.530000       0.033003
      701.630000       0.034759
      701.730000       0.036856
      701.830000       0.039363
      701.930000       0.042314
      702.030000       0.045713
      702.130000       0.049540
      702.230000       0.053757
      702.330000       0.058322
      702.430000       0.063195
      702.530000       0.068353
      702.630000       0.073798
      702.730000       0.079557
      702.830000       0.085682
      702.930000       0.092248
      703.030000       0.099340
      703.130000       0.107050
      703.230000       0.115450
      703.330000       0.124620
      703.430000       0.134610
      703.530000       0.145440
      703.630000       0.157140
      703.730000       0.169700
      703.830000       0.183130
      703.930000       0.197460
      704.030000       0.212680
      704.130000       0.228830
      704.230000       0.245930
      704.330000       0.264000
      704.430000       0.283040
      704.530000       0.303030
      704.630000       0.323930
      704.730000       0.345670
      704.830000       0.368140
      704.930000       0.391240
      705.030000       0.414830
      705.130000       0.438800
      705.230000       0.463040
      705.330000       0.487480
      705.430000       0.512060
      705.530000       0.536740
      705.630000       0.561520
      705.730000       0.586430
      705.830000       0.611360
      705.930000       0.636230
      706.030000       0.660910
      706.130000       0.685230
      706.230000       0.708980
      706.330000       0.731940
      706.430000       0.753870
      706.530000       0.774600
      706.630000       0.793950
      706.730000       0.811840
      706.830000       0.828270
      706.930000       0.843270
      707.030000       0.856960
      707.130000       0.869470
      707.230000       0.880930
      707.330000       0.891470
      707.430000       0.901140
      707.530000       0.909970
      707.630000       0.917880
      707.730000       0.924830
      707.830000       0.930700
      707.930000       0.935390
      708.030000       0.938850
      708.130000       0.941050
      708.230000       0.942040
      708.330000       0.941950
      708.430000       0.940970
      708.530000       0.939300
      708.630000       0.937190
      708.730000       0.934840
      708.830000       0.932420
      708.930000       0.930070
      709.030000       0.927820
      709.130000       0.925660
      709.230000       0.923540
      709.330000       0.921370
      709.430000       0.919070
      709.530000       0.916570
      709.630000       0.913850
      709.730000       0.910770
      709.830000       0.907560
      709.930000       0.904320
      710.030000       0.901180
      710.130000       0.898230
      710.230000       0.895570
      710.330000       0.893260
      710.430000       0.891300
      710.530000       0.889660
      710.630000       0.888260
      710.730000       0.887020
      710.830000       0.885840
      710.930000       0.884660
      711.030000       0.883430
      711.130000       0.882130
      711.230000       0.880810
      711.330000       0.879510
      711.430000       0.878330
      711.530000       0.877330
      711.630000       0.876610
      711.730000       0.876200
      711.830000       0.876160
      711.930000       0.876490
      712.030000       0.877160
      712.130000       0.878100
      712.230000       0.879240
      712.330000       0.880480
      712.430000       0.881770
      712.530000       0.883030
      712.630000       0.884240
      712.730000       0.885390
      712.830000       0.886500
      712.930000       0.887640
      713.030000       0.888870
      713.130000       0.890270
      713.230000       0.891900
      713.330000       0.893830
      713.430000       0.896090
      713.530000       0.898680
      713.630000       0.901580
      713.730000       0.904540
      713.830000       0.907660
      713.930000       0.910850
      714.030000       0.914020
      714.130000       0.917100
      714.230000       0.920030
      714.330000       0.922790
      714.430000       0.925390
      714.530000       0.927890
      714.630000       0.930340
      714.730000       0.932830
      714.830000       0.935430
      714.930000       0.938210
      715.030000       0.941190
      715.130000       0.944370
      715.230000       0.947710
      715.330000       0.951170
      715.430000       0.954650
      715.530000       0.958050
      715.630000       0.961290
      715.730000       0.964540
      715.830000       0.967570
      715.930000       0.970390
      716.030000       0.973050
      716.130000       0.975620
      716.230000       0.978160
      716.330000       0.980730
      716.430000       0.983350
      716.530000       0.986000
      716.630000       0.988650
      716.730000       0.991190
      716.830000       0.993530
      716.930000       0.995570
      717.030000       0.997230
      717.130000       0.998460
      717.230000       0.999290
      717.330000       0.999800
      717.430000       1.000000
      717.530000       1.000000
      717.630000       0.999900
      717.730000       0.999650
      717.830000       0.999450
      717.930000       0.999310
      718.030000       0.999190
      718.130000       0.998990
      718.230000       0.998600
      718.330000       0.997890
      718.430000       0.996770
      718.530000       0.995140
      718.630000       0.992990
      718.730000       0.990310
      718.830000       0.987170
      718.930000       0.983620
      719.030000       0.979760
      719.130000       0.975650
      719.230000       0.971380
      719.330000       0.966840
      719.430000       0.961930
      719.530000       0.956550
      719.630000       0.950540
      719.730000       0.943660
      719.830000       0.935870
      719.930000       0.927090
      720.030000       0.917260
      720.130000       0.906420
      720.230000       0.894630
      720.330000       0.881980
      720.430000       0.868570
      720.530000       0.854520
      720.630000       0.839900
      720.730000       0.824730
      720.830000       0.809010
      720.930000       0.792680
      721.030000       0.775670
      721.130000       0.757930
      721.230000       0.739380
      721.330000       0.719950
      721.430000       0.699670
      721.530000       0.678590
      721.630000       0.656800
      721.730000       0.634530
      721.830000       0.611840
      721.930000       0.588890
      722.030000       0.565830
      722.130000       0.542820
      722.230000       0.519960
      722.330000       0.497360
      722.430000       0.475100
      722.530000       0.453220
      722.630000       0.431780
      722.730000       0.410810
      722.830000       0.390340
      722.930000       0.370390
      723.030000       0.350980
      723.130000       0.332120
      723.230000       0.313810
      723.330000       0.296050
      723.430000       0.278820
      723.530000       0.262140
      723.630000       0.246030
      723.730000       0.230470
      723.830000       0.215570
      723.930000       0.201400
      724.030000       0.188030
      724.130000       0.175530
      724.230000       0.163940
      724.330000       0.153260
      724.430000       0.143480
      724.530000       0.134520
      724.630000       0.126260
      724.730000       0.118570
      724.830000       0.111290
      724.930000       0.104310
      725.030000       0.097499
      725.130000       0.090814
      725.230000       0.084243
      725.330000       0.077832
      725.430000       0.071663
      725.530000       0.065842
      725.630000       0.060475
      725.730000       0.055651
      725.830000       0.051408
      725.930000       0.047746
      726.030000       0.044612
      726.130000       0.041917
      726.230000       0.039546
      726.330000       0.037380
      726.430000       0.035318
      726.530000       0.033289
      726.630000       0.031262
      726.730000       0.029250
      726.830000       0.027297
      726.930000       0.025467
      727.030000       0.023827
      727.130000       0.022428
      727.230000       0.021293
      727.330000       0.020413
      727.430000       0.019742
      727.530000       0.019212
      727.630000       0.018739
      727.730000       0.018244
      727.830000       0.017662
      727.930000       0.016955
      728.030000       0.016117
      728.130000       0.015170
      728.230000       0.014160
      728.330000       0.013145
      728.430000       0.013067
      728.530000       0.012495
      728.630000       0.011933
      728.730000       0.011374
      728.830000       0.010817
      728.930000       0.010263
      729.030000       0.009713
      729.130000       0.009171
      729.230000       0.008642
      729.330000       0.008130
      729.430000       0.007640
      729.530000       0.007177
      729.630000       0.006745
      729.730000       0.006351
      729.830000       0.006000
      729.930000       0.005696
      730.030000       0.005440
      730.130000       0.005230
      730.230000       0.005059
      730.330000       0.004915
      730.430000       0.004785
      730.530000       0.004650
      730.630000       0.004495
      730.730000       0.004307
      730.830000       0.004079
      730.930000       0.003814
      731.030000       0.003535
      731.130000       0.003419
      731.230000       0.003303
      731.330000       0.003187
      731.430000       0.003071
      731.530000       0.002955
      731.630000       0.002838
      731.730000       0.002722
      731.830000       0.002246
      731.930000       0.000988
      732.030000       0.000149
      732.130000       0.000000
