6,   	#Band1 extracted from MSU-MR-SRFs.txt (received July 2018)
Number of data points:
17
Wavenumber (cm-1)   Filter response
    12500.000000       0.034000
    12820.512800       0.153000
    13157.894700       0.251000
    13513.513500       0.372000
    13888.888900       0.514000
    14285.714300       0.669000
    14705.882400       0.844000
    15151.515200       0.966000
    15625.000000       1.000000
    16129.032300       0.965000
    16666.666700       0.900000
    17241.379300       0.765000
    17857.142900       0.646000
    18518.518500       0.512000
    19230.769200       0.343000
    20000.000000       0.161000
    20833.333300       0.000000
