13, INSAT-3D Sounder  SWIR-1
Number of data points:
39
Wavenumber (cm-1)   Filter response
     2134.927400       0.000000
     2136.752100       0.001000
     2138.580000       0.010000
     2140.411000       0.020000
     2142.245100       0.040000
     2144.082300       0.064500
     2145.922700       0.086400
     2147.766300       0.125300
     2149.613100       0.195100
     2151.463000       0.293500
     2153.316100       0.414600
     2155.172400       0.538800
     2157.031900       0.597000
     2158.894600       0.655800
     2160.760600       0.777400
     2162.629800       0.955000
     2164.502200       0.984300
     2166.377800       1.000000
     2168.256700       0.987000
     2170.138900       0.954900
     2172.024300       0.898100
     2173.913000       0.818700
     2175.805000       0.661000
     2177.700300       0.577100
     2179.599000       0.468800
     2181.500900       0.357900
     2183.406100       0.268100
     2185.314700       0.205600
     2187.226600       0.135100
     2189.141900       0.096800
     2191.060500       0.069800
     2192.982500       0.053100
     2194.907800       0.034900
     2198.768700       0.023100
     2200.704200       0.015000
     2202.643200       0.010000
     2204.585500       0.005000
     2206.531300       0.001000
     2208.480600       0.000000
