18 , goes_11_sounder_18.flt
Number of data points:
2571
Wavenumber (cm-1)   Filter response
     2540.900000       0.003492
     2541.000000       0.003504
     2541.100000       0.003515
     2541.200000       0.003526
     2541.300000       0.003538
     2541.400000       0.003550
     2541.500000       0.003563
     2541.600000       0.003575
     2541.700000       0.003587
     2541.800000       0.003599
     2541.900000       0.003611
     2542.000000       0.003624
     2542.100000       0.003636
     2542.200000       0.003649
     2542.300000       0.003660
     2542.400000       0.003672
     2542.500000       0.003685
     2542.600000       0.003697
     2542.700000       0.003710
     2542.800000       0.003721
     2542.900000       0.003733
     2543.000000       0.003745
     2543.100000       0.003758
     2543.200000       0.003772
     2543.300000       0.003784
     2543.400000       0.003797
     2543.500000       0.003810
     2543.600000       0.003824
     2543.700000       0.003838
     2543.800000       0.003853
     2543.900000       0.003867
     2544.000000       0.003881
     2544.100000       0.003895
     2544.200000       0.003910
     2544.300000       0.003925
     2544.400000       0.003940
     2544.500000       0.003954
     2544.600000       0.003968
     2544.700000       0.003982
     2544.800000       0.003998
     2544.900000       0.004013
     2545.000000       0.004027
     2545.100000       0.004041
     2545.200000       0.004057
     2545.300000       0.004073
     2545.400000       0.004089
     2545.500000       0.004105
     2545.600000       0.004120
     2545.700000       0.004136
     2545.800000       0.004153
     2545.900000       0.004170
     2546.000000       0.004186
     2546.100000       0.004202
     2546.200000       0.004218
     2546.300000       0.004235
     2546.400000       0.004252
     2546.500000       0.004269
     2546.600000       0.004285
     2546.700000       0.004301
     2546.800000       0.004317
     2546.900000       0.004334
     2547.000000       0.004351
     2547.100000       0.004369
     2547.200000       0.004386
     2547.300000       0.004403
     2547.400000       0.004419
     2547.500000       0.004436
     2547.600000       0.004453
     2547.700000       0.004471
     2547.800000       0.004489
     2547.900000       0.004507
     2548.000000       0.004524
     2548.100000       0.004541
     2548.200000       0.004559
     2548.300000       0.004577
     2548.400000       0.004597
     2548.500000       0.004615
     2548.600000       0.004633
     2548.700000       0.004651
     2548.800000       0.004671
     2548.900000       0.004691
     2549.000000       0.004711
     2549.100000       0.004731
     2549.200000       0.004750
     2549.300000       0.004770
     2549.400000       0.004791
     2549.500000       0.004813
     2549.600000       0.004834
     2549.700000       0.004854
     2549.800000       0.004875
     2549.900000       0.004896
     2550.000000       0.004919
     2550.100000       0.004941
     2550.200000       0.004963
     2550.300000       0.004984
     2550.400000       0.005006
     2550.500000       0.005029
     2550.600000       0.005052
     2550.700000       0.005074
     2550.800000       0.005096
     2550.900000       0.005117
     2551.000000       0.005140
     2551.100000       0.005164
     2551.200000       0.005188
     2551.300000       0.005210
     2551.400000       0.005232
     2551.500000       0.005254
     2551.600000       0.005278
     2551.700000       0.005303
     2551.800000       0.005326
     2551.900000       0.005348
     2552.000000       0.005371
     2552.100000       0.005395
     2552.200000       0.005420
     2552.300000       0.005445
     2552.400000       0.005469
     2552.500000       0.005492
     2552.600000       0.005517
     2552.700000       0.005542
     2552.800000       0.005569
     2552.900000       0.005594
     2553.000000       0.005618
     2553.100000       0.005643
     2553.200000       0.005668
     2553.300000       0.005695
     2553.400000       0.005722
     2553.500000       0.005747
     2553.600000       0.005771
     2553.700000       0.005797
     2553.800000       0.005824
     2553.900000       0.005851
     2554.000000       0.005877
     2554.100000       0.005902
     2554.200000       0.005927
     2554.300000       0.005954
     2554.400000       0.005981
     2554.500000       0.006008
     2554.600000       0.006034
     2554.700000       0.006059
     2554.800000       0.006085
     2554.900000       0.006112
     2555.000000       0.006139
     2555.100000       0.006165
     2555.200000       0.006190
     2555.300000       0.006215
     2555.400000       0.006241
     2555.500000       0.006268
     2555.600000       0.006294
     2555.700000       0.006320
     2555.800000       0.006344
     2555.900000       0.006370
     2556.000000       0.006397
     2556.100000       0.006424
     2556.200000       0.006451
     2556.300000       0.006476
     2556.400000       0.006502
     2556.500000       0.006529
     2556.600000       0.006556
     2556.700000       0.006583
     2556.800000       0.006608
     2556.900000       0.006632
     2557.000000       0.006657
     2557.100000       0.006682
     2557.200000       0.006707
     2557.300000       0.006731
     2557.400000       0.006754
     2557.500000       0.006776
     2557.600000       0.006800
     2557.700000       0.006825
     2557.800000       0.006849
     2557.900000       0.006872
     2558.000000       0.006894
     2558.100000       0.006917
     2558.200000       0.006941
     2558.300000       0.006966
     2558.400000       0.006989
     2558.500000       0.007012
     2558.600000       0.007034
     2558.700000       0.007057
     2558.800000       0.007081
     2558.900000       0.007105
     2559.000000       0.007129
     2559.100000       0.007152
     2559.200000       0.007175
     2559.300000       0.007197
     2559.400000       0.007219
     2559.500000       0.007242
     2559.600000       0.007266
     2559.700000       0.007290
     2559.800000       0.007313
     2559.900000       0.007335
     2560.000000       0.007358
     2560.100000       0.007382
     2560.200000       0.007407
     2560.300000       0.007431
     2560.400000       0.007453
     2560.500000       0.007476
     2560.600000       0.007499
     2560.700000       0.007523
     2560.800000       0.007547
     2560.900000       0.007570
     2561.000000       0.007593
     2561.100000       0.007616
     2561.200000       0.007640
     2561.300000       0.007664
     2561.400000       0.007688
     2561.500000       0.007711
     2561.600000       0.007733
     2561.700000       0.007757
     2561.800000       0.007781
     2561.900000       0.007806
     2562.000000       0.007829
     2562.100000       0.007852
     2562.200000       0.007875
     2562.300000       0.007900
     2562.400000       0.007926
     2562.500000       0.007951
     2562.600000       0.007976
     2562.700000       0.008001
     2562.800000       0.008027
     2562.900000       0.008055
     2563.000000       0.008083
     2563.100000       0.008109
     2563.200000       0.008136
     2563.300000       0.008162
     2563.400000       0.008191
     2563.500000       0.008219
     2563.600000       0.008247
     2563.700000       0.008273
     2563.800000       0.008299
     2563.900000       0.008327
     2564.000000       0.008355
     2564.100000       0.008383
     2564.200000       0.008409
     2564.300000       0.008435
     2564.400000       0.008461
     2564.500000       0.008489
     2564.600000       0.008518
     2564.700000       0.008546
     2564.800000       0.008572
     2564.900000       0.008599
     2565.000000       0.008627
     2565.100000       0.008657
     2565.200000       0.008687
     2565.300000       0.008717
     2565.400000       0.008745
     2565.500000       0.008776
     2565.600000       0.008808
     2565.700000       0.008842
     2565.800000       0.008876
     2565.900000       0.008909
     2566.000000       0.008942
     2566.100000       0.008977
     2566.200000       0.009015
     2566.300000       0.009052
     2566.400000       0.009088
     2566.500000       0.009123
     2566.600000       0.009159
     2566.700000       0.009197
     2566.800000       0.009236
     2566.900000       0.009274
     2567.000000       0.009309
     2567.100000       0.009345
     2567.200000       0.009383
     2567.300000       0.009423
     2567.400000       0.009463
     2567.500000       0.009502
     2567.600000       0.009540
     2567.700000       0.009580
     2567.800000       0.009623
     2567.900000       0.009667
     2568.000000       0.009712
     2568.100000       0.009754
     2568.200000       0.009798
     2568.300000       0.009844
     2568.400000       0.009892
     2568.500000       0.009941
     2568.600000       0.009988
     2568.700000       0.010034
     2568.800000       0.010081
     2568.900000       0.010132
     2569.000000       0.010184
     2569.100000       0.010235
     2569.200000       0.010285
     2569.300000       0.010334
     2569.400000       0.010387
     2569.500000       0.010442
     2569.600000       0.010498
     2569.700000       0.010552
     2569.800000       0.010605
     2569.900000       0.010660
     2570.000000       0.010719
     2570.100000       0.010780
     2570.200000       0.010842
     2570.300000       0.010904
     2570.400000       0.010966
     2570.500000       0.011030
     2570.600000       0.011095
     2570.700000       0.011163
     2570.800000       0.011234
     2570.900000       0.011307
     2571.000000       0.011379
     2571.100000       0.011449
     2571.200000       0.011518
     2571.300000       0.011592
     2571.400000       0.011669
     2571.500000       0.011748
     2571.600000       0.011823
     2571.700000       0.011896
     2571.800000       0.011971
     2571.900000       0.012051
     2572.000000       0.012134
     2572.100000       0.012216
     2572.200000       0.012293
     2572.300000       0.012371
     2572.400000       0.012452
     2572.500000       0.012539
     2572.600000       0.012627
     2572.700000       0.012711
     2572.800000       0.012793
     2572.900000       0.012877
     2573.000000       0.012968
     2573.100000       0.013062
     2573.200000       0.013155
     2573.300000       0.013245
     2573.400000       0.013333
     2573.500000       0.013427
     2573.600000       0.013527
     2573.700000       0.013628
     2573.800000       0.013724
     2573.900000       0.013817
     2574.000000       0.013912
     2574.100000       0.014013
     2574.200000       0.014117
     2574.300000       0.014219
     2574.400000       0.014316
     2574.500000       0.014412
     2574.600000       0.014513
     2574.700000       0.014621
     2574.800000       0.014730
     2574.900000       0.014835
     2575.000000       0.014937
     2575.100000       0.015041
     2575.200000       0.015152
     2575.300000       0.015268
     2575.400000       0.015382
     2575.500000       0.015490
     2575.600000       0.015598
     2575.700000       0.015710
     2575.800000       0.015828
     2575.900000       0.015948
     2576.000000       0.016062
     2576.100000       0.016172
     2576.200000       0.016284
     2576.300000       0.016405
     2576.400000       0.016530
     2576.500000       0.016653
     2576.600000       0.016772
     2576.700000       0.016889
     2576.800000       0.017014
     2576.900000       0.017146
     2577.000000       0.017281
     2577.100000       0.017410
     2577.200000       0.017535
     2577.300000       0.017663
     2577.400000       0.017799
     2577.500000       0.017941
     2577.600000       0.018080
     2577.700000       0.018212
     2577.800000       0.018343
     2577.900000       0.018480
     2578.000000       0.018627
     2578.100000       0.018775
     2578.200000       0.018916
     2578.300000       0.019053
     2578.400000       0.019192
     2578.500000       0.019343
     2578.600000       0.019499
     2578.700000       0.019653
     2578.800000       0.019799
     2578.900000       0.019944
     2579.000000       0.020096
     2579.100000       0.020258
     2579.200000       0.020421
     2579.300000       0.020577
     2579.400000       0.020727
     2579.500000       0.020880
     2579.600000       0.021043
     2579.700000       0.021211
     2579.800000       0.021377
     2579.900000       0.021533
     2580.000000       0.021687
     2580.100000       0.021849
     2580.200000       0.022020
     2580.300000       0.022192
     2580.400000       0.022355
     2580.500000       0.022512
     2580.600000       0.022671
     2580.700000       0.022840
     2580.800000       0.023015
     2580.900000       0.023186
     2581.000000       0.023348
     2581.100000       0.023507
     2581.200000       0.023671
     2581.300000       0.023844
     2581.400000       0.024020
     2581.500000       0.024194
     2581.600000       0.024363
     2581.700000       0.024530
     2581.800000       0.024697
     2581.900000       0.024866
     2582.000000       0.025040
     2582.100000       0.025219
     2582.200000       0.025398
     2582.300000       0.025570
     2582.400000       0.025735
     2582.500000       0.025901
     2582.600000       0.026077
     2582.700000       0.026261
     2582.800000       0.026443
     2582.900000       0.026614
     2583.000000       0.026782
     2583.100000       0.026954
     2583.200000       0.027137
     2583.300000       0.027322
     2583.400000       0.027500
     2583.500000       0.027669
     2583.600000       0.027838
     2583.700000       0.028015
     2583.800000       0.028200
     2583.900000       0.028382
     2584.000000       0.028554
     2584.100000       0.028721
     2584.200000       0.028892
     2584.300000       0.029075
     2584.400000       0.029259
     2584.500000       0.029437
     2584.600000       0.029605
     2584.700000       0.029773
     2584.800000       0.029949
     2584.900000       0.030133
     2585.000000       0.030313
     2585.100000       0.030483
     2585.200000       0.030647
     2585.300000       0.030817
     2585.400000       0.030996
     2585.500000       0.031179
     2585.600000       0.031354
     2585.700000       0.031520
     2585.800000       0.031687
     2585.900000       0.031863
     2586.000000       0.032047
     2586.100000       0.032229
     2586.200000       0.032400
     2586.300000       0.032567
     2586.400000       0.032739
     2586.500000       0.032921
     2586.600000       0.033106
     2586.700000       0.033283
     2586.800000       0.033451
     2586.900000       0.033619
     2587.000000       0.033797
     2587.100000       0.033983
     2587.200000       0.034167
     2587.300000       0.034342
     2587.400000       0.034512
     2587.500000       0.034688
     2587.600000       0.034877
     2587.700000       0.035069
     2587.800000       0.035254
     2587.900000       0.035430
     2588.000000       0.035607
     2588.100000       0.035795
     2588.200000       0.035989
     2588.300000       0.036182
     2588.400000       0.036362
     2588.500000       0.036538
     2588.600000       0.036719
     2588.700000       0.036910
     2588.800000       0.037106
     2588.900000       0.037293
     2589.000000       0.037472
     2589.100000       0.037652
     2589.200000       0.037843
     2589.300000       0.038044
     2589.400000       0.038242
     2589.500000       0.038431
     2589.600000       0.038616
     2589.700000       0.038807
     2589.800000       0.039012
     2589.900000       0.039220
     2590.000000       0.039421
     2590.100000       0.039614
     2590.200000       0.039807
     2590.300000       0.040012
     2590.400000       0.040228
     2590.500000       0.040442
     2590.600000       0.040646
     2590.700000       0.040844
     2590.800000       0.041052
     2590.900000       0.041273
     2591.000000       0.041500
     2591.100000       0.041720
     2591.200000       0.041929
     2591.300000       0.042140
     2591.400000       0.042365
     2591.500000       0.042601
     2591.600000       0.042836
     2591.700000       0.043057
     2591.800000       0.043275
     2591.900000       0.043500
     2592.000000       0.043740
     2592.100000       0.043986
     2592.200000       0.044223
     2592.300000       0.044449
     2592.400000       0.044677
     2592.500000       0.044918
     2592.600000       0.045172
     2592.700000       0.045429
     2592.800000       0.045683
     2592.900000       0.045933
     2593.000000       0.046183
     2593.100000       0.046436
     2593.200000       0.046695
     2593.300000       0.046963
     2593.400000       0.047240
     2593.500000       0.047515
     2593.600000       0.047778
     2593.700000       0.048035
     2593.800000       0.048301
     2593.900000       0.048586
     2594.000000       0.048882
     2594.100000       0.049171
     2594.200000       0.049445
     2594.300000       0.049721
     2594.400000       0.050012
     2594.500000       0.050322
     2594.600000       0.050634
     2594.700000       0.050930
     2594.800000       0.051218
     2594.900000       0.051512
     2595.000000       0.051827
     2595.100000       0.052152
     2595.200000       0.052468
     2595.300000       0.052767
     2595.400000       0.053065
     2595.500000       0.053381
     2595.600000       0.053717
     2595.700000       0.054054
     2595.800000       0.054376
     2595.900000       0.054688
     2596.000000       0.055011
     2596.100000       0.055359
     2596.200000       0.055720
     2596.300000       0.056074
     2596.400000       0.056409
     2596.500000       0.056745
     2596.600000       0.057101
     2596.700000       0.057479
     2596.800000       0.057859
     2596.900000       0.058220
     2597.000000       0.058570
     2597.100000       0.058929
     2597.200000       0.059314
     2597.300000       0.059713
     2597.400000       0.060102
     2597.500000       0.060473
     2597.600000       0.060843
     2597.700000       0.061237
     2597.800000       0.061659
     2597.900000       0.062084
     2598.000000       0.062492
     2598.100000       0.062891
     2598.200000       0.063302
     2598.300000       0.063749
     2598.400000       0.064212
     2598.500000       0.064666
     2598.600000       0.065101
     2598.700000       0.065535
     2598.800000       0.065997
     2598.900000       0.066489
     2599.000000       0.066987
     2599.100000       0.067462
     2599.200000       0.067924
     2599.300000       0.068403
     2599.400000       0.068918
     2599.500000       0.069455
     2599.600000       0.069982
     2599.700000       0.070484
     2599.800000       0.070989
     2599.900000       0.071525
     2600.000000       0.072099
     2600.100000       0.072677
     2600.200000       0.073229
     2600.300000       0.073766
     2600.400000       0.074319
     2600.500000       0.074915
     2600.600000       0.075532
     2600.700000       0.076132
     2600.800000       0.076703
     2600.900000       0.077271
     2601.000000       0.077873
     2601.100000       0.078513
     2601.200000       0.079153
     2601.300000       0.079764
     2601.400000       0.080354
     2601.500000       0.080964
     2601.600000       0.081621
     2601.700000       0.082300
     2601.800000       0.082966
     2601.900000       0.083600
     2602.000000       0.084236
     2602.100000       0.084910
     2602.200000       0.085625
     2602.300000       0.086346
     2602.400000       0.087031
     2602.500000       0.087695
     2602.600000       0.088378
     2602.700000       0.089109
     2602.800000       0.089865
     2602.900000       0.090599
     2603.000000       0.091296
     2603.100000       0.091990
     2603.200000       0.092722
     2603.300000       0.093501
     2603.400000       0.094281
     2603.500000       0.095028
     2603.600000       0.095751
     2603.700000       0.096488
     2603.800000       0.097278
     2603.900000       0.098097
     2604.000000       0.098918
     2604.100000       0.099721
     2604.200000       0.100516
     2604.300000       0.101320
     2604.400000       0.102137
     2604.500000       0.102968
     2604.600000       0.103808
     2604.700000       0.104653
     2604.800000       0.105501
     2604.900000       0.106348
     2605.000000       0.107208
     2605.100000       0.108097
     2605.200000       0.109014
     2605.300000       0.109930
     2605.400000       0.110806
     2605.500000       0.111648
     2605.600000       0.112501
     2605.700000       0.113407
     2605.800000       0.114353
     2605.900000       0.115282
     2606.000000       0.116163
     2606.100000       0.117031
     2606.200000       0.117938
     2606.300000       0.118909
     2606.400000       0.119897
     2606.500000       0.120849
     2606.600000       0.121764
     2606.700000       0.122691
     2606.800000       0.123684
     2606.900000       0.124717
     2607.000000       0.125739
     2607.100000       0.126705
     2607.200000       0.127653
     2607.300000       0.128645
     2607.400000       0.129700
     2607.500000       0.130771
     2607.600000       0.131800
     2607.700000       0.132783
     2607.800000       0.133785
     2607.900000       0.134854
     2608.000000       0.135976
     2608.100000       0.137088
     2608.200000       0.138144
     2608.300000       0.139194
     2608.400000       0.140294
     2608.500000       0.141478
     2608.600000       0.142684
     2608.700000       0.143849
     2608.800000       0.144975
     2608.900000       0.146124
     2609.000000       0.147361
     2609.100000       0.148660
     2609.200000       0.149946
     2609.300000       0.151176
     2609.400000       0.152392
     2609.500000       0.153675
     2609.600000       0.155054
     2609.700000       0.156459
     2609.800000       0.157821
     2609.900000       0.159135
     2610.000000       0.160485
     2610.100000       0.161939
     2610.200000       0.163469
     2610.300000       0.164995
     2610.400000       0.166452
     2610.500000       0.167906
     2610.600000       0.169443
     2610.700000       0.171098
     2610.800000       0.172799
     2610.900000       0.174448
     2611.000000       0.176054
     2611.100000       0.177701
     2611.200000       0.179473
     2611.300000       0.181342
     2611.400000       0.183194
     2611.500000       0.184967
     2611.600000       0.186727
     2611.700000       0.188571
     2611.800000       0.190556
     2611.900000       0.192573
     2612.000000       0.194524
     2612.100000       0.196402
     2612.200000       0.198307
     2612.300000       0.200348
     2612.400000       0.202476
     2612.500000       0.204583
     2612.600000       0.206583
     2612.700000       0.208549
     2612.800000       0.210610
     2612.900000       0.212805
     2613.000000       0.215038
     2613.100000       0.217186
     2613.200000       0.219240
     2613.300000       0.221329
     2613.400000       0.223551
     2613.500000       0.225876
     2613.600000       0.228171
     2613.700000       0.230344
     2613.800000       0.232489
     2613.900000       0.234718
     2614.000000       0.237097
     2614.100000       0.239506
     2614.200000       0.241811
     2614.300000       0.244022
     2614.400000       0.246248
     2614.500000       0.248618
     2614.600000       0.251083
     2614.700000       0.253505
     2614.800000       0.255807
     2614.900000       0.258056
     2615.000000       0.260385
     2615.100000       0.262850
     2615.200000       0.265363
     2615.300000       0.267843
     2615.400000       0.270256
     2615.500000       0.272653
     2615.600000       0.275069
     2615.700000       0.277498
     2615.800000       0.279949
     2615.900000       0.282400
     2616.000000       0.284855
     2616.100000       0.287298
     2616.200000       0.289735
     2616.300000       0.292216
     2616.400000       0.294773
     2616.500000       0.297393
     2616.600000       0.299972
     2616.700000       0.302421
     2616.800000       0.304817
     2616.900000       0.307277
     2617.000000       0.309900
     2617.100000       0.312580
     2617.200000       0.315165
     2617.300000       0.317626
     2617.400000       0.320081
     2617.500000       0.322686
     2617.600000       0.325433
     2617.700000       0.328173
     2617.800000       0.330793
     2617.900000       0.333350
     2618.000000       0.336008
     2618.100000       0.338865
     2618.200000       0.341803
     2618.300000       0.344675
     2618.400000       0.347421
     2618.500000       0.350195
     2618.600000       0.353145
     2618.700000       0.356258
     2618.800000       0.359382
     2618.900000       0.362357
     2619.000000       0.365274
     2619.100000       0.368298
     2619.200000       0.371545
     2619.300000       0.374903
     2619.400000       0.378174
     2619.500000       0.381320
     2619.600000       0.384492
     2619.700000       0.387856
     2619.800000       0.391424
     2619.900000       0.394985
     2620.000000       0.398388
     2620.100000       0.401703
     2620.200000       0.405109
     2620.300000       0.408745
     2620.400000       0.412453
     2620.500000       0.416043
     2620.600000       0.419440
     2620.700000       0.422801
     2620.800000       0.426328
     2620.900000       0.429994
     2621.000000       0.433620
     2621.100000       0.437021
     2621.200000       0.440270
     2621.300000       0.443571
     2621.400000       0.447035
     2621.500000       0.450550
     2621.600000       0.453915
     2621.700000       0.457068
     2621.800000       0.460198
     2621.900000       0.463476
     2622.000000       0.466923
     2622.100000       0.470349
     2622.200000       0.473590
     2622.300000       0.476751
     2622.400000       0.480013
     2622.500000       0.483528
     2622.600000       0.487152
     2622.700000       0.490678
     2622.800000       0.494065
     2622.900000       0.497470
     2623.000000       0.501106
     2623.100000       0.504959
     2623.200000       0.508810
     2623.300000       0.512499
     2623.400000       0.516101
     2623.500000       0.519844
     2623.600000       0.523873
     2623.700000       0.528022
     2623.800000       0.532087
     2623.900000       0.535987
     2624.000000       0.539955
     2624.100000       0.544218
     2624.200000       0.548762
     2624.300000       0.553359
     2624.400000       0.557780
     2624.500000       0.562162
     2624.600000       0.566759
     2624.700000       0.571742
     2624.800000       0.576916
     2624.900000       0.581955
     2625.000000       0.586782
     2625.100000       0.591615
     2625.200000       0.596697
     2625.300000       0.602029
     2625.400000       0.607284
     2625.500000       0.612219
     2625.600000       0.616923
     2625.700000       0.621638
     2625.800000       0.626553
     2625.900000       0.631450
     2626.000000       0.636065
     2626.100000       0.640278
     2626.200000       0.644294
     2626.300000       0.648345
     2626.400000       0.652442
     2626.500000       0.656458
     2626.600000       0.660237
     2626.700000       0.663795
     2626.800000       0.667234
     2626.900000       0.670591
     2627.000000       0.673888
     2627.100000       0.677106
     2627.200000       0.680234
     2627.300000       0.683288
     2627.400000       0.686251
     2627.500000       0.689168
     2627.600000       0.692097
     2627.700000       0.695082
     2627.800000       0.698077
     2627.900000       0.700955
     2628.000000       0.703676
     2628.100000       0.706367
     2628.200000       0.709189
     2628.300000       0.712208
     2628.400000       0.715259
     2628.500000       0.718203
     2628.600000       0.721066
     2628.700000       0.724021
     2628.800000       0.727240
     2628.900000       0.730611
     2629.000000       0.733949
     2629.100000       0.737127
     2629.200000       0.740280
     2629.300000       0.743612
     2629.400000       0.747155
     2629.500000       0.750735
     2629.600000       0.754146
     2629.700000       0.757402
     2629.800000       0.760716
     2629.900000       0.764237
     2630.000000       0.767886
     2630.100000       0.771440
     2630.200000       0.774765
     2630.300000       0.778034
     2630.400000       0.781431
     2630.500000       0.785027
     2630.600000       0.788623
     2630.700000       0.792006
     2630.800000       0.795214
     2630.900000       0.798425
     2631.000000       0.801818
     2631.100000       0.805293
     2631.200000       0.808637
     2631.300000       0.811749
     2631.400000       0.814760
     2631.500000       0.817880
     2631.600000       0.821160
     2631.700000       0.824420
     2631.800000       0.827496
     2631.900000       0.830405
     2632.000000       0.833359
     2632.100000       0.836519
     2632.200000       0.839795
     2632.300000       0.843011
     2632.400000       0.846044
     2632.500000       0.849056
     2632.600000       0.852230
     2632.700000       0.855612
     2632.800000       0.859034
     2632.900000       0.862290
     2633.000000       0.865423
     2633.100000       0.868621
     2633.200000       0.872042
     2633.300000       0.875604
     2633.400000       0.879077
     2633.500000       0.882362
     2633.600000       0.885616
     2633.700000       0.889050
     2633.800000       0.892741
     2633.900000       0.896460
     2634.000000       0.900005
     2634.100000       0.903388
     2634.200000       0.906798
     2634.300000       0.910419
     2634.400000       0.914120
     2634.500000       0.917688
     2634.600000       0.920967
     2634.700000       0.924095
     2634.800000       0.927270
     2634.900000       0.930524
     2635.000000       0.933687
     2635.100000       0.936550
     2635.200000       0.939122
     2635.300000       0.941586
     2635.400000       0.944066
     2635.500000       0.946523
     2635.600000       0.948807
     2635.700000       0.950826
     2635.800000       0.952702
     2635.900000       0.954563
     2636.000000       0.956464
     2636.100000       0.958302
     2636.200000       0.959955
     2636.300000       0.961443
     2636.400000       0.962856
     2636.500000       0.964279
     2636.600000       0.965672
     2636.700000       0.966944
     2636.800000       0.968044
     2636.900000       0.969027
     2637.000000       0.969982
     2637.100000       0.970942
     2637.200000       0.971854
     2637.300000       0.972664
     2637.400000       0.973389
     2637.500000       0.974105
     2637.600000       0.974876
     2637.700000       0.975683
     2637.800000       0.976484
     2637.900000       0.977235
     2638.000000       0.977976
     2638.100000       0.978756
     2638.200000       0.979580
     2638.300000       0.980399
     2638.400000       0.981150
     2638.500000       0.981834
     2638.600000       0.982491
     2638.700000       0.983153
     2638.800000       0.983814
     2638.900000       0.984441
     2639.000000       0.985018
     2639.100000       0.985557
     2639.200000       0.986072
     2639.300000       0.986583
     2639.400000       0.987102
     2639.500000       0.987645
     2639.600000       0.988205
     2639.700000       0.988752
     2639.800000       0.989264
     2639.900000       0.989765
     2640.000000       0.990294
     2640.100000       0.990868
     2640.200000       0.991461
     2640.300000       0.992034
     2640.400000       0.992581
     2640.500000       0.993138
     2640.600000       0.993731
     2640.700000       0.994347
     2640.800000       0.994947
     2640.900000       0.995489
     2641.000000       0.995986
     2641.100000       0.996460
     2641.200000       0.996915
     2641.300000       0.997321
     2641.400000       0.997640
     2641.500000       0.997870
     2641.600000       0.998046
     2641.700000       0.998197
     2641.800000       0.998329
     2641.900000       0.998430
     2642.000000       0.998489
     2642.100000       0.998532
     2642.200000       0.998592
     2642.300000       0.998689
     2642.400000       0.998808
     2642.500000       0.998927
     2642.600000       0.999039
     2642.700000       0.999161
     2642.800000       0.999300
     2642.900000       0.999451
     2643.000000       0.999592
     2643.100000       0.999704
     2643.200000       0.999791
     2643.300000       0.999863
     2643.400000       0.999927
     2643.500000       0.999976
     2643.600000       1.000000
     2643.700000       0.999997
     2643.800000       0.999977
     2643.900000       0.999947
     2644.000000       0.999911
     2644.100000       0.999867
     2644.200000       0.999809
     2644.300000       0.999741
     2644.400000       0.999670
     2644.500000       0.999598
     2644.600000       0.999524
     2644.700000       0.999447
     2644.800000       0.999363
     2644.900000       0.999273
     2645.000000       0.999177
     2645.100000       0.999074
     2645.200000       0.998960
     2645.300000       0.998834
     2645.400000       0.998691
     2645.500000       0.998529
     2645.600000       0.998348
     2645.700000       0.998151
     2645.800000       0.997941
     2645.900000       0.997723
     2646.000000       0.997503
     2646.100000       0.997283
     2646.200000       0.997074
     2646.300000       0.996883
     2646.400000       0.996719
     2646.500000       0.996586
     2646.600000       0.996488
     2646.700000       0.996424
     2646.800000       0.996390
     2646.900000       0.996381
     2647.000000       0.996387
     2647.100000       0.996398
     2647.200000       0.996407
     2647.300000       0.996404
     2647.400000       0.996377
     2647.500000       0.996321
     2647.600000       0.996235
     2647.700000       0.996125
     2647.800000       0.995998
     2647.900000       0.995858
     2648.000000       0.995707
     2648.100000       0.995553
     2648.200000       0.995405
     2648.300000       0.995270
     2648.400000       0.995154
     2648.500000       0.995048
     2648.600000       0.994946
     2648.700000       0.994852
     2648.800000       0.994772
     2648.900000       0.994710
     2649.000000       0.994661
     2649.100000       0.994619
     2649.200000       0.994585
     2649.300000       0.994566
     2649.400000       0.994572
     2649.500000       0.994604
     2649.600000       0.994652
     2649.700000       0.994704
     2649.800000       0.994761
     2649.900000       0.994829
     2650.000000       0.994910
     2650.100000       0.994993
     2650.200000       0.995067
     2650.300000       0.995129
     2650.400000       0.995182
     2650.500000       0.995232
     2650.600000       0.995282
     2650.700000       0.995328
     2650.800000       0.995368
     2650.900000       0.995402
     2651.000000       0.995428
     2651.100000       0.995447
     2651.200000       0.995463
     2651.300000       0.995480
     2651.400000       0.995494
     2651.500000       0.995498
     2651.600000       0.995486
     2651.700000       0.995453
     2651.800000       0.995396
     2651.900000       0.995312
     2652.000000       0.995199
     2652.100000       0.995051
     2652.200000       0.994864
     2652.300000       0.994635
     2652.400000       0.994363
     2652.500000       0.994051
     2652.600000       0.993713
     2652.700000       0.993361
     2652.800000       0.992995
     2652.900000       0.992613
     2653.000000       0.992209
     2653.100000       0.991799
     2653.200000       0.991402
     2653.300000       0.991020
     2653.400000       0.990639
     2653.500000       0.990240
     2653.600000       0.989822
     2653.700000       0.989398
     2653.800000       0.988981
     2653.900000       0.988563
     2654.000000       0.988123
     2654.100000       0.987646
     2654.200000       0.987144
     2654.300000       0.986638
     2654.400000       0.986144
     2654.500000       0.985647
     2654.600000       0.985136
     2654.700000       0.984612
     2654.800000       0.984095
     2654.900000       0.983607
     2655.000000       0.983146
     2655.100000       0.982700
     2655.200000       0.982260
     2655.300000       0.981831
     2655.400000       0.981431
     2655.500000       0.981066
     2655.600000       0.980722
     2655.700000       0.980385
     2655.800000       0.980049
     2655.900000       0.979721
     2656.000000       0.979405
     2656.100000       0.979097
     2656.200000       0.978784
     2656.300000       0.978455
     2656.400000       0.978116
     2656.500000       0.977772
     2656.600000       0.977427
     2656.700000       0.977078
     2656.800000       0.976718
     2656.900000       0.976360
     2657.000000       0.976012
     2657.100000       0.975689
     2657.200000       0.975389
     2657.300000       0.975108
     2657.400000       0.974845
     2657.500000       0.974602
     2657.600000       0.974386
     2657.700000       0.974193
     2657.800000       0.974011
     2657.900000       0.973831
     2658.000000       0.973648
     2658.100000       0.973466
     2658.200000       0.973288
     2658.300000       0.973114
     2658.400000       0.972943
     2658.500000       0.972775
     2658.600000       0.972616
     2658.700000       0.972473
     2658.800000       0.972352
     2658.900000       0.972259
     2659.000000       0.972196
     2659.100000       0.972162
     2659.200000       0.972149
     2659.300000       0.972151
     2659.400000       0.972168
     2659.500000       0.972197
     2659.600000       0.972236
     2659.700000       0.972270
     2659.800000       0.972281
     2659.900000       0.972259
     2660.000000       0.972211
     2660.100000       0.972147
     2660.200000       0.972067
     2660.300000       0.971962
     2660.400000       0.971831
     2660.500000       0.971688
     2660.600000       0.971555
     2660.700000       0.971456
     2660.800000       0.971389
     2660.900000       0.971347
     2661.000000       0.971328
     2661.100000       0.971351
     2661.200000       0.971428
     2661.300000       0.971551
     2661.400000       0.971693
     2661.500000       0.971830
     2661.600000       0.971953
     2661.700000       0.972067
     2661.800000       0.972169
     2661.900000       0.972243
     2662.000000       0.972263
     2662.100000       0.972221
     2662.200000       0.972130
     2662.300000       0.972004
     2662.400000       0.971854
     2662.500000       0.971693
     2662.600000       0.971530
     2662.700000       0.971372
     2662.800000       0.971222
     2662.900000       0.971084
     2663.000000       0.970963
     2663.100000       0.970861
     2663.200000       0.970771
     2663.300000       0.970678
     2663.400000       0.970568
     2663.500000       0.970432
     2663.600000       0.970264
     2663.700000       0.970066
     2663.800000       0.969836
     2663.900000       0.969575
     2664.000000       0.969280
     2664.100000       0.968952
     2664.200000       0.968591
     2664.300000       0.968195
     2664.400000       0.967772
     2664.500000       0.967324
     2664.600000       0.966850
     2664.700000       0.966335
     2664.800000       0.965767
     2664.900000       0.965156
     2665.000000       0.964514
     2665.100000       0.963853
     2665.200000       0.963170
     2665.300000       0.962450
     2665.400000       0.961695
     2665.500000       0.960922
     2665.600000       0.960161
     2665.700000       0.959418
     2665.800000       0.958677
     2665.900000       0.957922
     2666.000000       0.957156
     2666.100000       0.956403
     2666.200000       0.955675
     2666.300000       0.954958
     2666.400000       0.954241
     2666.500000       0.953511
     2666.600000       0.952784
     2666.700000       0.952080
     2666.800000       0.951400
     2666.900000       0.950733
     2667.000000       0.950064
     2667.100000       0.949397
     2667.200000       0.948742
     2667.300000       0.948100
     2667.400000       0.947469
     2667.500000       0.946834
     2667.600000       0.946197
     2667.700000       0.945564
     2667.800000       0.944939
     2667.900000       0.944328
     2668.000000       0.943723
     2668.100000       0.943122
     2668.200000       0.942530
     2668.300000       0.941953
     2668.400000       0.941401
     2668.500000       0.940863
     2668.600000       0.940323
     2668.700000       0.939774
     2668.800000       0.939213
     2668.900000       0.938645
     2669.000000       0.938059
     2669.100000       0.937443
     2669.200000       0.936782
     2669.300000       0.936071
     2669.400000       0.935327
     2669.500000       0.934556
     2669.600000       0.933754
     2669.700000       0.932910
     2669.800000       0.932015
     2669.900000       0.931091
     2670.000000       0.930155
     2670.100000       0.929211
     2670.200000       0.928250
     2670.300000       0.927257
     2670.400000       0.926247
     2670.500000       0.925234
     2670.600000       0.924236
     2670.700000       0.923243
     2670.800000       0.922232
     2670.900000       0.921203
     2671.000000       0.920164
     2671.100000       0.919136
     2671.200000       0.918124
     2671.300000       0.917105
     2671.400000       0.916079
     2671.500000       0.915047
     2671.600000       0.914035
     2671.700000       0.913061
     2671.800000       0.912116
     2671.900000       0.911200
     2672.000000       0.910306
     2672.100000       0.909448
     2672.200000       0.908642
     2672.300000       0.907882
     2672.400000       0.907160
     2672.500000       0.906464
     2672.600000       0.905792
     2672.700000       0.905148
     2672.800000       0.904533
     2672.900000       0.903940
     2673.000000       0.903353
     2673.100000       0.902765
     2673.200000       0.902172
     2673.300000       0.901567
     2673.400000       0.900952
     2673.500000       0.900315
     2673.600000       0.899652
     2673.700000       0.898959
     2673.800000       0.898242
     2673.900000       0.897517
     2674.000000       0.896792
     2674.100000       0.896072
     2674.200000       0.895370
     2674.300000       0.894689
     2674.400000       0.894046
     2674.500000       0.893441
     2674.600000       0.892879
     2674.700000       0.892343
     2674.800000       0.891815
     2674.900000       0.891285
     2675.000000       0.890735
     2675.100000       0.890150
     2675.200000       0.889515
     2675.300000       0.888816
     2675.400000       0.888050
     2675.500000       0.887209
     2675.600000       0.886312
     2675.700000       0.885383
     2675.800000       0.884436
     2675.900000       0.883500
     2676.000000       0.882594
     2676.100000       0.881738
     2676.200000       0.880948
     2676.300000       0.880235
     2676.400000       0.879610
     2676.500000       0.879061
     2676.600000       0.878571
     2676.700000       0.878128
     2676.800000       0.877715
     2676.900000       0.877323
     2677.000000       0.876932
     2677.100000       0.876531
     2677.200000       0.876104
     2677.300000       0.875648
     2677.400000       0.875161
     2677.500000       0.874631
     2677.600000       0.874040
     2677.700000       0.873363
     2677.800000       0.872588
     2677.900000       0.871721
     2678.000000       0.870751
     2678.100000       0.869654
     2678.200000       0.868406
     2678.300000       0.867001
     2678.400000       0.865492
     2678.500000       0.863920
     2678.600000       0.862316
     2678.700000       0.860685
     2678.800000       0.859013
     2678.900000       0.857335
     2679.000000       0.855704
     2679.100000       0.854168
     2679.200000       0.852711
     2679.300000       0.851285
     2679.400000       0.849868
     2679.500000       0.848466
     2679.600000       0.847108
     2679.700000       0.845799
     2679.800000       0.844498
     2679.900000       0.843173
     2680.000000       0.841808
     2680.100000       0.840438
     2680.200000       0.839095
     2680.300000       0.837763
     2680.400000       0.836425
     2680.500000       0.835058
     2680.600000       0.833685
     2680.700000       0.832337
     2680.800000       0.831016
     2680.900000       0.829705
     2681.000000       0.828378
     2681.100000       0.827038
     2681.200000       0.825703
     2681.300000       0.824384
     2681.400000       0.823081
     2681.500000       0.821773
     2681.600000       0.820457
     2681.700000       0.819142
     2681.800000       0.817829
     2681.900000       0.816506
     2682.000000       0.815132
     2682.100000       0.813679
     2682.200000       0.812124
     2682.300000       0.810442
     2682.400000       0.808623
     2682.500000       0.806631
     2682.600000       0.804436
     2682.700000       0.802048
     2682.800000       0.799509
     2682.900000       0.796887
     2683.000000       0.794219
     2683.100000       0.791558
     2683.200000       0.788954
     2683.300000       0.786446
     2683.400000       0.784096
     2683.500000       0.781946
     2683.600000       0.779996
     2683.700000       0.778204
     2683.800000       0.776512
     2683.900000       0.774890
     2684.000000       0.773292
     2684.100000       0.771681
     2684.200000       0.770019
     2684.300000       0.768254
     2684.400000       0.766356
     2684.500000       0.764328
     2684.600000       0.762216
     2684.700000       0.760060
     2684.800000       0.757884
     2684.900000       0.755734
     2685.000000       0.753630
     2685.100000       0.751613
     2685.200000       0.749722
     2685.300000       0.747982
     2685.400000       0.746379
     2685.500000       0.744847
     2685.600000       0.743336
     2685.700000       0.741797
     2685.800000       0.740186
     2685.900000       0.738472
     2686.000000       0.736607
     2686.100000       0.734540
     2686.200000       0.732231
     2686.300000       0.729705
     2686.400000       0.727062
     2686.500000       0.724366
     2686.600000       0.721683
     2686.700000       0.719067
     2686.800000       0.716557
     2686.900000       0.714230
     2687.000000       0.712146
     2687.100000       0.710360
     2687.200000       0.708835
     2687.300000       0.707500
     2687.400000       0.706314
     2687.500000       0.705239
     2687.600000       0.704250
     2687.700000       0.703313
     2687.800000       0.702375
     2687.900000       0.701399
     2688.000000       0.700358
     2688.100000       0.699281
     2688.200000       0.698200
     2688.300000       0.697125
     2688.400000       0.696070
     2688.500000       0.695039
     2688.600000       0.694058
     2688.700000       0.693150
     2688.800000       0.692324
     2688.900000       0.691580
     2689.000000       0.690897
     2689.100000       0.690271
     2689.200000       0.689701
     2689.300000       0.689181
     2689.400000       0.688702
     2689.500000       0.688250
     2689.600000       0.687823
     2689.700000       0.687427
     2689.800000       0.687069
     2689.900000       0.686752
     2690.000000       0.686467
     2690.100000       0.686208
     2690.200000       0.685983
     2690.300000       0.685795
     2690.400000       0.685645
     2690.500000       0.685514
     2690.600000       0.685388
     2690.700000       0.685267
     2690.800000       0.685182
     2690.900000       0.685165
     2691.000000       0.685241
     2691.100000       0.685426
     2691.200000       0.685740
     2691.300000       0.686218
     2691.400000       0.686903
     2691.500000       0.687839
     2691.600000       0.689024
     2691.700000       0.690427
     2691.800000       0.692016
     2691.900000       0.693668
     2692.000000       0.695301
     2692.100000       0.696883
     2692.200000       0.698387
     2692.300000       0.699789
     2692.400000       0.701060
     2692.500000       0.702205
     2692.600000       0.703226
     2692.700000       0.704124
     2692.800000       0.704901
     2692.900000       0.705558
     2693.000000       0.706102
     2693.100000       0.706540
     2693.200000       0.706882
     2693.300000       0.707141
     2693.400000       0.707317
     2693.500000       0.707410
     2693.600000       0.707417
     2693.700000       0.707337
     2693.800000       0.707166
     2693.900000       0.706902
     2694.000000       0.706541
     2694.100000       0.706067
     2694.200000       0.705463
     2694.300000       0.704728
     2694.400000       0.703886
     2694.500000       0.702955
     2694.600000       0.701949
     2694.700000       0.700879
     2694.800000       0.699754
     2694.900000       0.698597
     2695.000000       0.697427
     2695.100000       0.696276
     2695.200000       0.695155
     2695.300000       0.694052
     2695.400000       0.692975
     2695.500000       0.691929
     2695.600000       0.690925
     2695.700000       0.689969
     2695.800000       0.689057
     2695.900000       0.688198
     2696.000000       0.687389
     2696.100000       0.686622
     2696.200000       0.685887
     2696.300000       0.685167
     2696.400000       0.684451
     2696.500000       0.683728
     2696.600000       0.682988
     2696.700000       0.682229
     2696.800000       0.681436
     2696.900000       0.680604
     2697.000000       0.679731
     2697.100000       0.678832
     2697.200000       0.677918
     2697.300000       0.676993
     2697.400000       0.676060
     2697.500000       0.675115
     2697.600000       0.674166
     2697.700000       0.673231
     2697.800000       0.672317
     2697.900000       0.671432
     2698.000000       0.670575
     2698.100000       0.669753
     2698.200000       0.668983
     2698.300000       0.668277
     2698.400000       0.667650
     2698.500000       0.667108
     2698.600000       0.666663
     2698.700000       0.666322
     2698.800000       0.666075
     2698.900000       0.665906
     2699.000000       0.665792
     2699.100000       0.665718
     2699.200000       0.665662
     2699.300000       0.665598
     2699.400000       0.665498
     2699.500000       0.665338
     2699.600000       0.665104
     2699.700000       0.664820
     2699.800000       0.664512
     2699.900000       0.664196
     2700.000000       0.663892
     2700.100000       0.663629
     2700.200000       0.663448
     2700.300000       0.663380
     2700.400000       0.663444
     2700.500000       0.663651
     2700.600000       0.663991
     2700.700000       0.664441
     2700.800000       0.664988
     2700.900000       0.665602
     2701.000000       0.666250
     2701.100000       0.666897
     2701.200000       0.667522
     2701.300000       0.668113
     2701.400000       0.668647
     2701.500000       0.669134
     2701.600000       0.669608
     2701.700000       0.670104
     2701.800000       0.670671
     2701.900000       0.671350
     2702.000000       0.672180
     2702.100000       0.673193
     2702.200000       0.674420
     2702.300000       0.675910
     2702.400000       0.677657
     2702.500000       0.679626
     2702.600000       0.681770
     2702.700000       0.684043
     2702.800000       0.686422
     2702.900000       0.688866
     2703.000000       0.691355
     2703.100000       0.693848
     2703.200000       0.696300
     2703.300000       0.698708
     2703.400000       0.701084
     2703.500000       0.703459
     2703.600000       0.705828
     2703.700000       0.708148
     2703.800000       0.710394
     2703.900000       0.712524
     2704.000000       0.714525
     2704.100000       0.716396
     2704.200000       0.718146
     2704.300000       0.719810
     2704.400000       0.721402
     2704.500000       0.722935
     2704.600000       0.724407
     2704.700000       0.725822
     2704.800000       0.727227
     2704.900000       0.728658
     2705.000000       0.730148
     2705.100000       0.731680
     2705.200000       0.733210
     2705.300000       0.734738
     2705.400000       0.736271
     2705.500000       0.737826
     2705.600000       0.739367
     2705.700000       0.740849
     2705.800000       0.742247
     2705.900000       0.743558
     2706.000000       0.744805
     2706.100000       0.745991
     2706.200000       0.747092
     2706.300000       0.748089
     2706.400000       0.748983
     2706.500000       0.749809
     2706.600000       0.750587
     2706.700000       0.751309
     2706.800000       0.751958
     2706.900000       0.752520
     2707.000000       0.753009
     2707.100000       0.753440
     2707.200000       0.753817
     2707.300000       0.754134
     2707.400000       0.754381
     2707.500000       0.754549
     2707.600000       0.754623
     2707.700000       0.754593
     2707.800000       0.754468
     2707.900000       0.754277
     2708.000000       0.754035
     2708.100000       0.753730
     2708.200000       0.753346
     2708.300000       0.752888
     2708.400000       0.752394
     2708.500000       0.751898
     2708.600000       0.751402
     2708.700000       0.750882
     2708.800000       0.750305
     2708.900000       0.749682
     2709.000000       0.749037
     2709.100000       0.748374
     2709.200000       0.747655
     2709.300000       0.746837
     2709.400000       0.745917
     2709.500000       0.744923
     2709.600000       0.743896
     2709.700000       0.742831
     2709.800000       0.741695
     2709.900000       0.740468
     2710.000000       0.739184
     2710.100000       0.737906
     2710.200000       0.736661
     2710.300000       0.735407
     2710.400000       0.734096
     2710.500000       0.732717
     2710.600000       0.731325
     2710.700000       0.729968
     2710.800000       0.728620
     2710.900000       0.727227
     2711.000000       0.725731
     2711.100000       0.724175
     2711.200000       0.722627
     2711.300000       0.721110
     2711.400000       0.719576
     2711.500000       0.717940
     2711.600000       0.716193
     2711.700000       0.714402
     2711.800000       0.712620
     2711.900000       0.710823
     2712.000000       0.708917
     2712.100000       0.706835
     2712.200000       0.704627
     2712.300000       0.702365
     2712.400000       0.700099
     2712.500000       0.697754
     2712.600000       0.695255
     2712.700000       0.692601
     2712.800000       0.689883
     2712.900000       0.687203
     2713.000000       0.684524
     2713.100000       0.681760
     2713.200000       0.678846
     2713.300000       0.675838
     2713.400000       0.672864
     2713.500000       0.669961
     2713.600000       0.667050
     2713.700000       0.664032
     2713.800000       0.660886
     2713.900000       0.657742
     2714.000000       0.654695
     2714.100000       0.651718
     2714.200000       0.648699
     2714.300000       0.645523
     2714.400000       0.642282
     2714.500000       0.639088
     2714.600000       0.636006
     2714.700000       0.632933
     2714.800000       0.629727
     2714.900000       0.626387
     2715.000000       0.623023
     2715.100000       0.619763
     2715.200000       0.616583
     2715.300000       0.613340
     2715.400000       0.609954
     2715.500000       0.606492
     2715.600000       0.603105
     2715.700000       0.599864
     2715.800000       0.596646
     2715.900000       0.593342
     2716.000000       0.589921
     2716.100000       0.586524
     2716.200000       0.583285
     2716.300000       0.580154
     2716.400000       0.577021
     2716.500000       0.573772
     2716.600000       0.570496
     2716.700000       0.567334
     2716.800000       0.564333
     2716.900000       0.561399
     2717.000000       0.558391
     2717.100000       0.555293
     2717.200000       0.552234
     2717.300000       0.549311
     2717.400000       0.546499
     2717.500000       0.543654
     2717.600000       0.540685
     2717.700000       0.537667
     2717.800000       0.534711
     2717.900000       0.531891
     2718.000000       0.529101
     2718.100000       0.526242
     2718.200000       0.523297
     2718.300000       0.520330
     2718.400000       0.517437
     2718.500000       0.514610
     2718.600000       0.511827
     2718.700000       0.509068
     2718.800000       0.506290
     2718.900000       0.503477
     2719.000000       0.500612
     2719.100000       0.497773
     2719.200000       0.495047
     2719.300000       0.492404
     2719.400000       0.489750
     2719.500000       0.486967
     2719.600000       0.484105
     2719.700000       0.481291
     2719.800000       0.478595
     2719.900000       0.475946
     2720.000000       0.473206
     2720.100000       0.470327
     2720.200000       0.467432
     2720.300000       0.464633
     2720.400000       0.461942
     2720.500000       0.459216
     2720.600000       0.456336
     2720.700000       0.453354
     2720.800000       0.450396
     2720.900000       0.447569
     2721.000000       0.444763
     2721.100000       0.441841
     2721.200000       0.438750
     2721.300000       0.435604
     2721.400000       0.432571
     2721.500000       0.429643
     2721.600000       0.426690
     2721.700000       0.423592
     2721.800000       0.420390
     2721.900000       0.417262
     2722.000000       0.414303
     2722.100000       0.411422
     2722.200000       0.408475
     2722.300000       0.405381
     2722.400000       0.402292
     2722.500000       0.399347
     2722.600000       0.396557
     2722.700000       0.393775
     2722.800000       0.390846
     2722.900000       0.387833
     2723.000000       0.384882
     2723.100000       0.382110
     2723.200000       0.379424
     2723.300000       0.376660
     2723.400000       0.373767
     2723.500000       0.370865
     2723.600000       0.368117
     2723.700000       0.365533
     2723.800000       0.362958
     2723.900000       0.360274
     2724.000000       0.357516
     2724.100000       0.354840
     2724.200000       0.352357
     2724.300000       0.349954
     2724.400000       0.347501
     2724.500000       0.344919
     2724.600000       0.342337
     2724.700000       0.339905
     2724.800000       0.337611
     2724.900000       0.335325
     2725.000000       0.332905
     2725.100000       0.330403
     2725.200000       0.327970
     2725.300000       0.325695
     2725.400000       0.323493
     2725.500000       0.321206
     2725.600000       0.318778
     2725.700000       0.316335
     2725.800000       0.314012
     2725.900000       0.311821
     2726.000000       0.309615
     2726.100000       0.307269
     2726.200000       0.304840
     2726.300000       0.302466
     2726.400000       0.300261
     2726.500000       0.298121
     2726.600000       0.295908
     2726.700000       0.293565
     2726.800000       0.291205
     2726.900000       0.288982
     2727.000000       0.286885
     2727.100000       0.284776
     2727.200000       0.282525
     2727.300000       0.280166
     2727.400000       0.277855
     2727.500000       0.275678
     2727.600000       0.273545
     2727.700000       0.271328
     2727.800000       0.268964
     2727.900000       0.266599
     2728.000000       0.264379
     2728.100000       0.262323
     2728.200000       0.260308
     2728.300000       0.258211
     2728.400000       0.256094
     2728.500000       0.254093
     2728.600000       0.252309
     2728.700000       0.250648
     2728.800000       0.248960
     2728.900000       0.247191
     2729.000000       0.245437
     2729.100000       0.243831
     2729.200000       0.242376
     2729.300000       0.240934
     2729.400000       0.239395
     2729.500000       0.237784
     2729.600000       0.236230
     2729.700000       0.234824
     2729.800000       0.233491
     2729.900000       0.232115
     2730.000000       0.230613
     2730.100000       0.229027
     2730.200000       0.227408
     2730.300000       0.225791
     2730.400000       0.224226
     2730.500000       0.222743
     2730.600000       0.221297
     2730.700000       0.219801
     2730.800000       0.218192
     2730.900000       0.216552
     2731.000000       0.214983
     2731.100000       0.213525
     2731.200000       0.212088
     2731.300000       0.210562
     2731.400000       0.208953
     2731.500000       0.207352
     2731.600000       0.205850
     2731.700000       0.204404
     2731.800000       0.202904
     2731.900000       0.201287
     2732.000000       0.199610
     2732.100000       0.197979
     2732.200000       0.196434
     2732.300000       0.194886
     2732.400000       0.193257
     2732.500000       0.191541
     2732.600000       0.189835
     2732.700000       0.188226
     2732.800000       0.186670
     2732.900000       0.185090
     2733.000000       0.183422
     2733.100000       0.181733
     2733.200000       0.180117
     2733.300000       0.178598
     2733.400000       0.177109
     2733.500000       0.175564
     2733.600000       0.173969
     2733.700000       0.172414
     2733.800000       0.170962
     2733.900000       0.169585
     2734.000000       0.168192
     2734.100000       0.166729
     2734.200000       0.165251
     2734.300000       0.163827
     2734.400000       0.162488
     2734.500000       0.161154
     2734.600000       0.159756
     2734.700000       0.158295
     2734.800000       0.156837
     2734.900000       0.155455
     2735.000000       0.154114
     2735.100000       0.152748
     2735.200000       0.151313
     2735.300000       0.149852
     2735.400000       0.148445
     2735.500000       0.147110
     2735.600000       0.145790
     2735.700000       0.144423
     2735.800000       0.143001
     2735.900000       0.141595
     2736.000000       0.140254
     2736.100000       0.138952
     2736.200000       0.137626
     2736.300000       0.136226
     2736.400000       0.134799
     2736.500000       0.133401
     2736.600000       0.132061
     2736.700000       0.130733
     2736.800000       0.129358
     2736.900000       0.127951
     2737.000000       0.126565
     2737.100000       0.125257
     2737.200000       0.124012
     2737.300000       0.122773
     2737.400000       0.121510
     2737.500000       0.120254
     2737.600000       0.119061
     2737.700000       0.117950
     2737.800000       0.116867
     2737.900000       0.115766
     2738.000000       0.114641
     2738.100000       0.113545
     2738.200000       0.112525
     2738.300000       0.111551
     2738.400000       0.110575
     2738.500000       0.109553
     2738.600000       0.108519
     2738.700000       0.107520
     2738.800000       0.106565
     2738.900000       0.105611
     2739.000000       0.104603
     2739.100000       0.103539
     2739.200000       0.102470
     2739.300000       0.101436
     2739.400000       0.100430
     2739.500000       0.099407
     2739.600000       0.098349
     2739.700000       0.097293
     2739.800000       0.096285
     2739.900000       0.095350
     2740.000000       0.094449
     2740.100000       0.093543
     2740.200000       0.092628
     2740.300000       0.091730
     2740.400000       0.090885
     2740.500000       0.090061
     2740.600000       0.089215
     2740.700000       0.088315
     2740.800000       0.087375
     2740.900000       0.086433
     2741.000000       0.085501
     2741.100000       0.084562
     2741.200000       0.083597
     2741.300000       0.082605
     2741.400000       0.081612
     2741.500000       0.080638
     2741.600000       0.079705
     2741.700000       0.078837
     2741.800000       0.078041
     2741.900000       0.077293
     2742.000000       0.076552
     2742.100000       0.075808
     2742.200000       0.075086
     2742.300000       0.074411
     2742.400000       0.073775
     2742.500000       0.073137
     2742.600000       0.072464
     2742.700000       0.071769
     2742.800000       0.071087
     2742.900000       0.070443
     2743.000000       0.069812
     2743.100000       0.069166
     2743.200000       0.068501
     2743.300000       0.067845
     2743.400000       0.067236
     2743.500000       0.066671
     2743.600000       0.066120
     2743.700000       0.065556
     2743.800000       0.064987
     2743.900000       0.064444
     2744.000000       0.063939
     2744.100000       0.063447
     2744.200000       0.062935
     2744.300000       0.062389
     2744.400000       0.061835
     2744.500000       0.061297
     2744.600000       0.060775
     2744.700000       0.060244
     2744.800000       0.059683
     2744.900000       0.059112
     2745.000000       0.058561
     2745.100000       0.058054
     2745.200000       0.057573
     2745.300000       0.057092
     2745.400000       0.056607
     2745.500000       0.056140
     2745.600000       0.055715
     2745.700000       0.055326
     2745.800000       0.054940
     2745.900000       0.054534
     2746.000000       0.054113
     2746.100000       0.053704
     2746.200000       0.053320
     2746.300000       0.052936
     2746.400000       0.052528
     2746.500000       0.052090
     2746.600000       0.051646
     2746.700000       0.051225
     2746.800000       0.050824
     2746.900000       0.050421
     2747.000000       0.049995
     2747.100000       0.049560
     2747.200000       0.049142
     2747.300000       0.048755
     2747.400000       0.048382
     2747.500000       0.047998
     2747.600000       0.047596
     2747.700000       0.047198
     2747.800000       0.046822
     2747.900000       0.046467
     2748.000000       0.046109
     2748.100000       0.045731
     2748.200000       0.045344
     2748.300000       0.044968
     2748.400000       0.044620
     2748.500000       0.044284
     2748.600000       0.043944
     2748.700000       0.043598
     2748.800000       0.043262
     2748.900000       0.042958
     2749.000000       0.042686
     2749.100000       0.042427
     2749.200000       0.042162
     2749.300000       0.041896
     2749.400000       0.041645
     2749.500000       0.041415
     2749.600000       0.041190
     2749.700000       0.040952
     2749.800000       0.040690
     2749.900000       0.040419
     2750.000000       0.040151
     2750.100000       0.039888
     2750.200000       0.039615
     2750.300000       0.039319
     2750.400000       0.039011
     2750.500000       0.038708
     2750.600000       0.038419
     2750.700000       0.038137
     2750.800000       0.037845
     2750.900000       0.037542
     2751.000000       0.037239
     2751.100000       0.036954
     2751.200000       0.036684
     2751.300000       0.036416
     2751.400000       0.036140
     2751.500000       0.035860
     2751.600000       0.035593
     2751.700000       0.035348
     2751.800000       0.035114
     2751.900000       0.034878
     2752.000000       0.034636
     2752.100000       0.034399
     2752.200000       0.034178
     2752.300000       0.033972
     2752.400000       0.033769
     2752.500000       0.033559
     2752.600000       0.033344
     2752.700000       0.033133
     2752.800000       0.032931
     2752.900000       0.032735
     2753.000000       0.032540
     2753.100000       0.032345
     2753.200000       0.032146
     2753.300000       0.031941
     2753.400000       0.031731
     2753.500000       0.031524
     2753.600000       0.031323
     2753.700000       0.031124
     2753.800000       0.030918
     2753.900000       0.030701
     2754.000000       0.030482
     2754.100000       0.030270
     2754.200000       0.030070
     2754.300000       0.029871
     2754.400000       0.029666
     2754.500000       0.029456
     2754.600000       0.029251
     2754.700000       0.029059
     2754.800000       0.028874
     2754.900000       0.028685
     2755.000000       0.028488
     2755.100000       0.028290
     2755.200000       0.028099
     2755.300000       0.027917
     2755.400000       0.027735
     2755.500000       0.027544
     2755.600000       0.027348
     2755.700000       0.027154
     2755.800000       0.026969
     2755.900000       0.026790
     2756.000000       0.026607
     2756.100000       0.026417
     2756.200000       0.026226
     2756.300000       0.026042
     2756.400000       0.025867
     2756.500000       0.025694
     2756.600000       0.025515
     2756.700000       0.025335
     2756.800000       0.025159
     2756.900000       0.024995
     2757.000000       0.024838
     2757.100000       0.024682
     2757.200000       0.024524
     2757.300000       0.024368
     2757.400000       0.024221
     2757.500000       0.024083
     2757.600000       0.023947
     2757.700000       0.023805
     2757.800000       0.023656
     2757.900000       0.023509
     2758.000000       0.023367
     2758.100000       0.023225
     2758.200000       0.023076
     2758.300000       0.022915
     2758.400000       0.022750
     2758.500000       0.022588
     2758.600000       0.022432
     2758.700000       0.022275
     2758.800000       0.022111
     2758.900000       0.021944
     2759.000000       0.021779
     2759.100000       0.021625
     2759.200000       0.021476
     2759.300000       0.021324
     2759.400000       0.021165
     2759.500000       0.021005
     2759.600000       0.020851
     2759.700000       0.020703
     2759.800000       0.020554
     2759.900000       0.020398
     2760.000000       0.020234
     2760.100000       0.020072
     2760.200000       0.019917
     2760.300000       0.019763
     2760.400000       0.019606
     2760.500000       0.019441
     2760.600000       0.019274
     2760.700000       0.019111
     2760.800000       0.018955
     2760.900000       0.018798
     2761.000000       0.018635
     2761.100000       0.018466
     2761.200000       0.018300
     2761.300000       0.018141
     2761.400000       0.017985
     2761.500000       0.017826
     2761.600000       0.017661
     2761.700000       0.017494
     2761.800000       0.017333
     2761.900000       0.017179
     2762.000000       0.017024
     2762.100000       0.016864
     2762.200000       0.016699
     2762.300000       0.016536
     2762.400000       0.016381
     2762.500000       0.016228
     2762.600000       0.016073
     2762.700000       0.015911
     2762.800000       0.015747
     2762.900000       0.015589
     2763.000000       0.015437
     2763.100000       0.015285
     2763.200000       0.015128
     2763.300000       0.014968
     2763.400000       0.014809
     2763.500000       0.014658
     2763.600000       0.014511
     2763.700000       0.014361
     2763.800000       0.014206
     2763.900000       0.014051
     2764.000000       0.013900
     2764.100000       0.013756
     2764.200000       0.013613
     2764.300000       0.013467
     2764.400000       0.013317
     2764.500000       0.013168
     2764.600000       0.013022
     2764.700000       0.012881
     2764.800000       0.012740
     2764.900000       0.012601
     2765.000000       0.012461
     2765.100000       0.012319
     2765.200000       0.012176
     2765.300000       0.012035
     2765.400000       0.011900
     2765.500000       0.011769
     2765.600000       0.011637
     2765.700000       0.011500
     2765.800000       0.011362
     2765.900000       0.011228
     2766.000000       0.011099
     2766.100000       0.010972
     2766.200000       0.010842
     2766.300000       0.010708
     2766.400000       0.010576
     2766.500000       0.010449
     2766.600000       0.010327
     2766.700000       0.010204
     2766.800000       0.010078
     2766.900000       0.009951
     2767.000000       0.009828
     2767.100000       0.009711
     2767.200000       0.009597
     2767.300000       0.009481
     2767.400000       0.009362
     2767.500000       0.009244
     2767.600000       0.009132
     2767.700000       0.009024
     2767.800000       0.008915
     2767.900000       0.008803
     2768.000000       0.008689
     2768.100000       0.008579
     2768.200000       0.008474
     2768.300000       0.008370
     2768.400000       0.008264
     2768.500000       0.008156
     2768.600000       0.008049
     2768.700000       0.007946
     2768.800000       0.007848
     2768.900000       0.007750
     2769.000000       0.007648
     2769.100000       0.007547
     2769.200000       0.007449
     2769.300000       0.007355
     2769.400000       0.007264
     2769.500000       0.007170
     2769.600000       0.007074
     2769.700000       0.006980
     2769.800000       0.006889
     2769.900000       0.006801
     2770.000000       0.006714
     2770.100000       0.006623
     2770.200000       0.006532
     2770.300000       0.006444
     2770.400000       0.006360
     2770.500000       0.006277
     2770.600000       0.006194
     2770.700000       0.006108
     2770.800000       0.006024
     2770.900000       0.005944
     2771.000000       0.005866
     2771.100000       0.005789
     2771.200000       0.005710
     2771.300000       0.005630
     2771.400000       0.005552
     2771.500000       0.005478
     2771.600000       0.005405
     2771.700000       0.005330
     2771.800000       0.005254
     2771.900000       0.005179
     2772.000000       0.005107
     2772.100000       0.005038
     2772.200000       0.004969
     2772.300000       0.004899
     2772.400000       0.004830
     2772.500000       0.004763
     2772.600000       0.004699
     2772.700000       0.004637
     2772.800000       0.004575
     2772.900000       0.004513
     2773.000000       0.004451
     2773.100000       0.004393
     2773.200000       0.004337
     2773.300000       0.004282
     2773.400000       0.004226
     2773.500000       0.004171
     2773.600000       0.004117
     2773.700000       0.004066
     2773.800000       0.004017
     2773.900000       0.003967
     2774.000000       0.003917
     2774.100000       0.003868
     2774.200000       0.003822
     2774.300000       0.003777
     2774.400000       0.003732
     2774.500000       0.003687
     2774.600000       0.003641
     2774.700000       0.003598
     2774.800000       0.003556
     2774.900000       0.003515
     2775.000000       0.003474
     2775.100000       0.003433
     2775.200000       0.003392
     2775.300000       0.003354
     2775.400000       0.003316
     2775.500000       0.003280
     2775.600000       0.003243
     2775.700000       0.003206
     2775.800000       0.003170
     2775.900000       0.003135
     2776.000000       0.003101
     2776.100000       0.003068
     2776.200000       0.003036
     2776.300000       0.003003
     2776.400000       0.002971
     2776.500000       0.002938
     2776.600000       0.002907
     2776.700000       0.002876
     2776.800000       0.002846
     2776.900000       0.002816
     2777.000000       0.002785
     2777.100000       0.002754
     2777.200000       0.002724
     2777.300000       0.002695
     2777.400000       0.002666
     2777.500000       0.002637
     2777.600000       0.002609
     2777.700000       0.002580
     2777.800000       0.002553
     2777.900000       0.002527
     2778.000000       0.002500
     2778.100000       0.002473
     2778.200000       0.002447
     2778.300000       0.002421
     2778.400000       0.002396
     2778.500000       0.002371
     2778.600000       0.002345
     2778.700000       0.002319
     2778.800000       0.002294
     2778.900000       0.002268
     2779.000000       0.002243
     2779.100000       0.002218
     2779.200000       0.002193
     2779.300000       0.002167
     2779.400000       0.002142
     2779.500000       0.002118
     2779.600000       0.002094
     2779.700000       0.002070
     2779.800000       0.002045
     2779.900000       0.002021
     2780.000000       0.001998
     2780.100000       0.001975
     2780.200000       0.001952
     2780.300000       0.001928
     2780.400000       0.001905
     2780.500000       0.001882
     2780.600000       0.001859
     2780.700000       0.001837
     2780.800000       0.001814
     2780.900000       0.001792
     2781.000000       0.001769
     2781.100000       0.001747
     2781.200000       0.001725
     2781.300000       0.001702
     2781.400000       0.001679
     2781.500000       0.001656
     2781.600000       0.001633
     2781.700000       0.001611
     2781.800000       0.001589
     2781.900000       0.001566
     2782.000000       0.001543
     2782.100000       0.001520
     2782.200000       0.001497
     2782.300000       0.001475
     2782.400000       0.001453
     2782.500000       0.001430
     2782.600000       0.001407
     2782.700000       0.001385
     2782.800000       0.001363
     2782.900000       0.001341
     2783.000000       0.001319
     2783.100000       0.001297
     2783.200000       0.001275
     2783.300000       0.001253
     2783.400000       0.001232
     2783.500000       0.001211
     2783.600000       0.001190
     2783.700000       0.001168
     2783.800000       0.001148
     2783.900000       0.001128
     2784.000000       0.001108
     2784.100000       0.001088
     2784.200000       0.001068
     2784.300000       0.001049
     2784.400000       0.001030
     2784.500000       0.001012
     2784.600000       0.000994
     2784.700000       0.000975
     2784.800000       0.000957
     2784.900000       0.000939
     2785.000000       0.000922
     2785.100000       0.000905
     2785.200000       0.000888
     2785.300000       0.000871
     2785.400000       0.000855
     2785.500000       0.000839
     2785.600000       0.000823
     2785.700000       0.000808
     2785.800000       0.000792
     2785.900000       0.000777
     2786.000000       0.000762
     2786.100000       0.000748
     2786.200000       0.000734
     2786.300000       0.000720
     2786.400000       0.000707
     2786.500000       0.000694
     2786.600000       0.000682
     2786.700000       0.000670
     2786.800000       0.000659
     2786.900000       0.000648
     2787.000000       0.000637
     2787.100000       0.000626
     2787.200000       0.000616
     2787.300000       0.000606
     2787.400000       0.000597
     2787.500000       0.000588
     2787.600000       0.000579
     2787.700000       0.000570
     2787.800000       0.000562
     2787.900000       0.000554
     2788.000000       0.000546
     2788.100000       0.000538
     2788.200000       0.000530
     2788.300000       0.000523
     2788.400000       0.000515
     2788.500000       0.000508
     2788.600000       0.000501
     2788.700000       0.000494
     2788.800000       0.000487
     2788.900000       0.000480
     2789.000000       0.000473
     2789.100000       0.000466
     2789.200000       0.000459
     2789.300000       0.000453
     2789.400000       0.000446
     2789.500000       0.000440
     2789.600000       0.000433
     2789.700000       0.000427
     2789.800000       0.000420
     2789.900000       0.000414
     2790.000000       0.000408
     2790.100000       0.000402
     2790.200000       0.000396
     2790.300000       0.000390
     2790.400000       0.000385
     2790.500000       0.000379
     2790.600000       0.000373
     2790.700000       0.000368
     2790.800000       0.000362
     2790.900000       0.000356
     2791.000000       0.000351
     2791.100000       0.000345
     2791.200000       0.000340
     2791.300000       0.000334
     2791.400000       0.000329
     2791.500000       0.000323
     2791.600000       0.000317
     2791.700000       0.000312
     2791.800000       0.000306
     2791.900000       0.000301
     2792.000000       0.000295
     2792.100000       0.000289
     2792.200000       0.000284
     2792.300000       0.000278
     2792.400000       0.000273
     2792.500000       0.000267
     2792.600000       0.000262
     2792.700000       0.000256
     2792.800000       0.000250
     2792.900000       0.000245
     2793.000000       0.000239
     2793.100000       0.000234
     2793.200000       0.000228
     2793.300000       0.000223
     2793.400000       0.000217
     2793.500000       0.000212
     2793.600000       0.000206
     2793.700000       0.000201
     2793.800000       0.000196
     2793.900000       0.000190
     2794.000000       0.000185
     2794.100000       0.000180
     2794.200000       0.000175
     2794.300000       0.000170
     2794.400000       0.000165
     2794.500000       0.000160
     2794.600000       0.000155
     2794.700000       0.000150
     2794.800000       0.000145
     2794.900000       0.000141
     2795.000000       0.000136
     2795.100000       0.000132
     2795.200000       0.000127
     2795.300000       0.000123
     2795.400000       0.000119
     2795.500000       0.000114
     2795.600000       0.000110
     2795.700000       0.000106
     2795.800000       0.000102
     2795.900000       0.000098
     2796.000000       0.000094
     2796.100000       0.000090
     2796.200000       0.000087
     2796.300000       0.000083
     2796.400000       0.000080
     2796.500000       0.000076
     2796.600000       0.000073
     2796.700000       0.000069
     2796.800000       0.000066
     2796.900000       0.000063
     2797.000000       0.000060
     2797.100000       0.000057
     2797.200000       0.000054
     2797.300000       0.000052
     2797.400000       0.000049
     2797.500000       0.000046
     2797.600000       0.000044
     2797.700000       0.000041
     2797.800000       0.000039
     2797.900000       0.000036
