  13  ,noaa_12_hirs_13.flt
Number of data points:
50
Wavenumber (cm-1)   Filter response
     2135.000000       0.000000
     2144.900000       0.000133
     2150.600000       0.000742
     2154.800000       0.006372
     2165.700000       0.017252
     2168.100000       0.039080
     2170.100000       0.070360
     2171.900000       0.120870
     2173.100000       0.176660
     2174.600000       0.263090
     2175.800000       0.333420
     2177.200000       0.430330
     2178.700000       0.566780
     2180.900000       0.759230
     2182.200000       0.824550
     2183.500000       0.875420
     2184.500000       0.897690
     2185.500000       0.909240
     2186.000000       0.911690
     2186.700000       0.913940
     2188.000000       0.899970
     2189.000000       0.884210
     2190.000000       0.871700
     2190.900000       0.869560
     2191.600000       0.875490
     2192.400000       0.889440
     2193.200000       0.912940
     2194.500000       0.966950
     2195.100000       0.989690
     2195.500000       0.997680
     2195.700000       0.997960
     2196.000000       1.000000
     2196.300000       0.990920
     2197.000000       0.961390
     2197.800000       0.861600
     2198.900000       0.676480
     2200.000000       0.463450
     2201.000000       0.299100
     2202.100000       0.198790
     2203.300000       0.123400
     2204.400000       0.079572
     2205.800000       0.051482
     2207.000000       0.031499
     2208.000000       0.018549
     2210.000000       0.013351
     2212.300000       0.008992
     2216.000000       0.000578
     2218.000000       0.000489
     2227.100000       0.000000
     2245.000000       0.000000
