   8  ,noaa_06_hirs_08.flt
Number of data points:
37
Wavenumber (cm-1)   Filter response
      858.300000       0.000000
      871.350000       0.017273
      872.820000       0.024757
      875.090000       0.039768
      876.630000       0.069766
      878.930000       0.143690
      880.460000       0.241940
      881.840000       0.357060
      883.050000       0.490370
      883.940000       0.575390
      885.620000       0.693260
      886.670000       0.743900
      888.250000       0.785420
      889.970000       0.812780
      891.220000       0.840290
      895.920000       0.970580
      897.320000       0.995020
      898.850000       1.000000
      899.890000       0.988150
      904.420000       0.878120
      905.800000       0.860440
      907.060000       0.863450
      908.680000       0.898050
      911.790000       0.991980
      912.630000       0.967530
      913.540000       0.917650
      914.180000       0.853990
      915.510000       0.654250
      917.660000       0.335500
      918.770000       0.232820
      919.740000       0.160260
      920.540000       0.109410
      921.890000       0.063508
      923.750000       0.032386
      925.810000       0.016852
      928.620000       0.010990
      936.010000       0.000000
