  15  ,noaa_06_hirs_15.flt
Number of data points:
28
Wavenumber (cm-1)   Filter response
     2201.900000       0.000000
     2214.500000       0.025250
     2217.300000       0.058262
     2219.100000       0.094564
     2220.600000       0.138110
     2221.800000       0.213270
     2225.100000       0.426550
     2227.000000       0.580840
     2228.900000       0.743650
     2230.300000       0.834220
     2231.300000       0.890430
     2232.400000       0.933530
     2233.900000       0.972760
     2235.600000       1.000000
     2237.300000       0.995890
     2240.000000       0.962730
     2242.000000       0.940160
     2244.400000       0.931280
     2245.900000       0.898890
     2246.900000       0.846770
     2247.900000       0.770980
     2248.900000       0.682350
     2252.600000       0.213620
     2253.700000       0.140560
     2255.000000       0.087675
     2256.900000       0.040144
     2259.600000       0.018327
     2266.500000       0.000000
