5,   channel VNIR3b SRF from LSTM_ISRF_all_bands.xlsx
Number of data points:
126
Wavenumber (cm-1)   Filter response
    10224.948875       0.000040
    10230.179028       0.000046
    10235.414534       0.000053
    10240.655402       0.000061
    10245.901639       0.000071
    10251.153255       0.000082
    10256.410256       0.000096
    10261.672653       0.000112
    10266.940452       0.000132
    10272.213662       0.000155
    10277.492292       0.000184
    10282.776350       0.000219
    10288.065844       0.000261
    10293.360782       0.000313
    10298.661174       0.000377
    10303.967027       0.000456
    10309.278351       0.000554
    10314.595152       0.000678
    10319.917441       0.000834
    10325.245225       0.001032
    10330.578512       0.001285
    10335.917313       0.001611
    10341.261634       0.002034
    10346.611485       0.002588
    10351.966874       0.003319
    10357.327809       0.004293
    10362.694301       0.005601
    10368.066356       0.007376
    10373.443983       0.009808
    10378.827193       0.013173
    10384.215992       0.017867
    10389.610390       0.024467
    10395.010395       0.033797
    10400.416017       0.046988
    10405.827263       0.065537
    10411.244144       0.091197
    10416.666667       0.125734
    10422.094841       0.170376
    10427.528676       0.225108
    10432.968179       0.288403
    10438.413361       0.357651
    10443.864230       0.429729
    10449.320794       0.501929
    10454.783063       0.572071
    10460.251046       0.638866
    10465.724751       0.701380
    10471.204188       0.759072
    10476.689366       0.811397
    10482.180294       0.857822
    10487.676980       0.897701
    10493.179433       0.930413
    10498.687664       0.955765
    10504.201681       0.973897
    10509.721492       0.985838
    10515.247108       0.992855
    10520.778538       0.996614
    10526.315789       0.998266
    10531.858873       0.999034
    10537.407798       0.999315
    10542.962572       0.999568
    10548.523207       0.999735
    10554.089710       0.999932
    10559.662091       1.000000
    10565.240359       0.999913
    10570.824524       0.999641
    10576.414595       0.999134
    10582.010582       0.998470
    10587.612493       0.997675
    10593.220339       0.996932
    10598.834128       0.996196
    10604.453871       0.995727
    10610.079576       0.995343
    10615.711253       0.994709
    10621.348911       0.992664
    10626.992561       0.987386
    10632.642212       0.976038
    10638.297872       0.955611
    10643.959553       0.923620
    10649.627263       0.879537
    10655.301012       0.824606
    10660.980810       0.761481
    10666.666667       0.693069
    10672.358591       0.622104
    10678.056594       0.550628
    10683.760684       0.480268
    10689.470871       0.412100
    10695.187166       0.347129
    10700.909577       0.286256
    10706.638116       0.230546
    10712.372791       0.181085
    10718.113612       0.138766
    10723.860590       0.104006
    10729.613734       0.076588
    10735.373054       0.055731
    10741.138561       0.040330
    10746.910263       0.029189
    10752.688172       0.021223
    10758.472297       0.015548
    10764.262648       0.011496
    10770.059235       0.008585
    10775.862069       0.006474
    10781.671159       0.004930
    10787.486516       0.003788
    10793.308149       0.002934
    10799.136069       0.002291
    10804.970286       0.001802
    10810.810811       0.001427
    10816.657653       0.001138
    10822.510823       0.000912
    10828.370330       0.000736
    10834.236186       0.000597
    10840.108401       0.000487
    10845.986985       0.000399
    10851.871948       0.000329
    10857.763301       0.000272
    10863.661054       0.000227
    10869.565217       0.000189
    10875.475802       0.000159
    10881.392818       0.000134
    10887.316277       0.000113
    10893.246187       0.000096
    10899.182561       0.000082
    10905.125409       0.000070
    10911.074741       0.000060
    10917.030568       0.000052
    10922.992900       0.000045
