  11  ,noaa_14_hirs_11.flt
Number of data points:
101
Wavenumber (cm-1)   Filter response
     1249.600000       0.000000
     1251.600000       0.000000
     1253.600000       0.000000
     1255.600000       0.000000
     1257.600000       0.000000
     1259.600000       0.000000
     1261.600000       0.000000
     1263.600000       0.000000
     1265.600000       0.000000
     1267.600000       0.000000
     1269.600000       0.000000
     1271.600000       0.000000
     1273.700000       0.000000
     1275.700000       0.000000
     1277.700000       0.000000
     1279.700000       0.000000
     1281.700000       0.000000
     1283.700000       0.000000
     1285.700000       0.000000
     1287.700000       0.000000
     1289.700000       0.000000
     1291.700000       0.000000
     1293.700000       0.000000
     1295.700000       0.000000
     1297.800000       0.000000
     1299.700000       0.000000
     1301.700000       0.000000
     1303.700000       0.000000
     1305.700000       0.000000
     1307.700000       0.000000
     1309.700000       0.000000
     1311.700000       0.000000
     1313.700000       0.001724
     1315.700000       0.002068
     1317.700000       0.004450
     1319.700000       0.007454
     1321.700000       0.010153
     1323.700000       0.017411
     1325.700000       0.022557
     1327.700000       0.029312
     1329.700000       0.047382
     1331.700000       0.067584
     1333.700000       0.113240
     1335.600000       0.168390
     1337.700000       0.254780
     1339.600000       0.387730
     1341.400000       0.550850
     1343.300000       0.720240
     1345.200000       0.870850
     1347.100000       0.970230
     1349.100000       1.000000
     1351.000000       0.994680
     1353.000000       0.965510
     1355.000000       0.936950
     1357.000000       0.908970
     1359.000000       0.890940
     1361.000000       0.881410
     1363.000000       0.889820
     1365.000000       0.894180
     1367.000000       0.902040
     1369.000000       0.904900
     1371.000000       0.900920
     1373.000000       0.882770
     1375.000000       0.857670
     1377.000000       0.803740
     1379.100000       0.713350
     1381.200000       0.584660
     1383.300000       0.432120
     1385.400000       0.291850
     1387.500000       0.190040
     1389.500000       0.116800
     1391.500000       0.074575
     1393.500000       0.044433
     1395.500000       0.028972
     1397.500000       0.016546
     1399.500000       0.013624
     1401.500000       0.007520
     1403.500000       0.003136
     1405.500000       0.004252
     1407.500000       0.002292
     1409.500000       0.000262
     1411.500000       0.000000
     1413.500000       0.000000
     1415.500000       0.000000
     1417.500000       0.000000
     1419.500000       0.000000
     1421.500000       0.000000
     1423.500000       0.000000
     1425.500000       0.000000
     1427.500000       0.000000
     1429.500000       0.000000
     1431.500000       0.000000
     1433.500000       0.000000
     1435.500000       0.000000
     1437.500000       0.000000
     1439.500000       0.000000
     1441.500000       0.000000
     1443.500000       0.000000
     1445.500000       0.000000
     1447.500000       0.000000
     1449.500000       0.000000
