01 , goes_08_imager_02.flt
Number of data points:
3121
Wavenumber (cm-1)   Filter response
     2398.000000       0.000339
     2398.100000       0.000344
     2398.200000       0.000347
     2398.300000       0.000350
     2398.400000       0.000352
     2398.500000       0.000354
     2398.600000       0.000354
     2398.700000       0.000354
     2398.800000       0.000354
     2398.900000       0.000352
     2399.000000       0.000350
     2399.100000       0.000348
     2399.200000       0.000345
     2399.300000       0.000341
     2399.400000       0.000337
     2399.500000       0.000333
     2399.600000       0.000328
     2399.700000       0.000323
     2399.800000       0.000317
     2399.900000       0.000312
     2400.000000       0.000306
     2400.100000       0.000300
     2400.200000       0.000294
     2400.300000       0.000287
     2400.400000       0.000281
     2400.500000       0.000274
     2400.600000       0.000268
     2400.700000       0.000262
     2400.800000       0.000255
     2400.900000       0.000249
     2401.000000       0.000243
     2401.100000       0.000237
     2401.200000       0.000231
     2401.300000       0.000226
     2401.400000       0.000221
     2401.500000       0.000216
     2401.600000       0.000211
     2401.700000       0.000207
     2401.800000       0.000203
     2401.900000       0.000200
     2402.000000       0.000197
     2402.100000       0.000194
     2402.200000       0.000192
     2402.300000       0.000190
     2402.400000       0.000188
     2402.500000       0.000186
     2402.600000       0.000185
     2402.700000       0.000184
     2402.800000       0.000184
     2402.900000       0.000183
     2403.000000       0.000183
     2403.100000       0.000183
     2403.200000       0.000183
     2403.300000       0.000184
     2403.400000       0.000184
     2403.500000       0.000185
     2403.600000       0.000186
     2403.700000       0.000187
     2403.800000       0.000188
     2403.900000       0.000190
     2404.000000       0.000191
     2404.100000       0.000193
     2404.200000       0.000195
     2404.300000       0.000197
     2404.400000       0.000199
     2404.500000       0.000201
     2404.600000       0.000203
     2404.700000       0.000205
     2404.800000       0.000207
     2404.900000       0.000210
     2405.000000       0.000212
     2405.100000       0.000214
     2405.200000       0.000217
     2405.300000       0.000219
     2405.400000       0.000221
     2405.500000       0.000223
     2405.600000       0.000226
     2405.700000       0.000228
     2405.800000       0.000230
     2405.900000       0.000232
     2406.000000       0.000234
     2406.100000       0.000236
     2406.200000       0.000237
     2406.300000       0.000239
     2406.400000       0.000240
     2406.500000       0.000241
     2406.600000       0.000242
     2406.700000       0.000243
     2406.800000       0.000244
     2406.900000       0.000244
     2407.000000       0.000244
     2407.100000       0.000244
     2407.200000       0.000244
     2407.300000       0.000243
     2407.400000       0.000242
     2407.500000       0.000241
     2407.600000       0.000239
     2407.700000       0.000238
     2407.800000       0.000235
     2407.900000       0.000233
     2408.000000       0.000230
     2408.100000       0.000227
     2408.200000       0.000223
     2408.300000       0.000219
     2408.400000       0.000214
     2408.500000       0.000209
     2408.600000       0.000204
     2408.700000       0.000198
     2408.800000       0.000192
     2408.900000       0.000185
     2409.000000       0.000178
     2409.100000       0.000171
     2409.200000       0.000164
     2409.300000       0.000156
     2409.400000       0.000149
     2409.500000       0.000141
     2409.600000       0.000133
     2409.700000       0.000125
     2409.800000       0.000117
     2409.900000       0.000109
     2410.000000       0.000101
     2410.100000       0.000093
     2410.200000       0.000085
     2410.300000       0.000077
     2410.400000       0.000070
     2410.500000       0.000062
     2410.600000       0.000055
     2410.700000       0.000049
     2410.800000       0.000042
     2410.900000       0.000036
     2411.000000       0.000030
     2411.100000       0.000025
     2411.200000       0.000020
     2411.300000       0.000015
     2411.400000       0.000011
     2411.500000       0.000008
     2411.600000       0.000005
     2411.700000       0.000003
     2411.800000       0.000001
     2411.900000       0.000000
     2412.000000       0.000000
     2412.100000       0.000001
     2412.200000       0.000002
     2412.300000       0.000004
     2412.400000       0.000006
     2412.500000       0.000009
     2412.600000       0.000012
     2412.700000       0.000016
     2412.800000       0.000021
     2412.900000       0.000026
     2413.000000       0.000031
     2413.100000       0.000037
     2413.200000       0.000043
     2413.300000       0.000049
     2413.400000       0.000055
     2413.500000       0.000062
     2413.600000       0.000068
     2413.700000       0.000075
     2413.800000       0.000082
     2413.900000       0.000089
     2414.000000       0.000096
     2414.100000       0.000103
     2414.200000       0.000109
     2414.300000       0.000116
     2414.400000       0.000123
     2414.500000       0.000129
     2414.600000       0.000135
     2414.700000       0.000141
     2414.800000       0.000146
     2414.900000       0.000151
     2415.000000       0.000156
     2415.100000       0.000160
     2415.200000       0.000164
     2415.300000       0.000168
     2415.400000       0.000170
     2415.500000       0.000173
     2415.600000       0.000174
     2415.700000       0.000175
     2415.800000       0.000176
     2415.900000       0.000176
     2416.000000       0.000175
     2416.100000       0.000174
     2416.200000       0.000173
     2416.300000       0.000171
     2416.400000       0.000169
     2416.500000       0.000166
     2416.600000       0.000163
     2416.700000       0.000160
     2416.800000       0.000157
     2416.900000       0.000153
     2417.000000       0.000149
     2417.100000       0.000144
     2417.200000       0.000140
     2417.300000       0.000135
     2417.400000       0.000130
     2417.500000       0.000125
     2417.600000       0.000120
     2417.700000       0.000115
     2417.800000       0.000109
     2417.900000       0.000104
     2418.000000       0.000099
     2418.100000       0.000093
     2418.200000       0.000088
     2418.300000       0.000083
     2418.400000       0.000078
     2418.500000       0.000073
     2418.600000       0.000068
     2418.700000       0.000063
     2418.800000       0.000058
     2418.900000       0.000054
     2419.000000       0.000050
     2419.100000       0.000046
     2419.200000       0.000042
     2419.300000       0.000039
     2419.400000       0.000035
     2419.500000       0.000033
     2419.600000       0.000030
     2419.700000       0.000027
     2419.800000       0.000025
     2419.900000       0.000023
     2420.000000       0.000021
     2420.100000       0.000020
     2420.200000       0.000018
     2420.300000       0.000017
     2420.400000       0.000017
     2420.500000       0.000016
     2420.600000       0.000016
     2420.700000       0.000015
     2420.800000       0.000016
     2420.900000       0.000016
     2421.000000       0.000016
     2421.100000       0.000017
     2421.200000       0.000018
     2421.300000       0.000019
     2421.400000       0.000021
     2421.500000       0.000023
     2421.600000       0.000024
     2421.700000       0.000027
     2421.800000       0.000029
     2421.900000       0.000032
     2422.000000       0.000034
     2422.100000       0.000037
     2422.200000       0.000041
     2422.300000       0.000044
     2422.400000       0.000048
     2422.500000       0.000052
     2422.600000       0.000056
     2422.700000       0.000060
     2422.800000       0.000065
     2422.900000       0.000069
     2423.000000       0.000074
     2423.100000       0.000079
     2423.200000       0.000084
     2423.300000       0.000089
     2423.400000       0.000095
     2423.500000       0.000100
     2423.600000       0.000105
     2423.700000       0.000111
     2423.800000       0.000116
     2423.900000       0.000121
     2424.000000       0.000127
     2424.100000       0.000132
     2424.200000       0.000137
     2424.300000       0.000142
     2424.400000       0.000148
     2424.500000       0.000153
     2424.600000       0.000157
     2424.700000       0.000162
     2424.800000       0.000167
     2424.900000       0.000171
     2425.000000       0.000175
     2425.100000       0.000179
     2425.200000       0.000183
     2425.300000       0.000186
     2425.400000       0.000190
     2425.500000       0.000193
     2425.600000       0.000195
     2425.700000       0.000198
     2425.800000       0.000200
     2425.900000       0.000201
     2426.000000       0.000202
     2426.100000       0.000203
     2426.200000       0.000204
     2426.300000       0.000204
     2426.400000       0.000204
     2426.500000       0.000204
     2426.600000       0.000203
     2426.700000       0.000202
     2426.800000       0.000200
     2426.900000       0.000199
     2427.000000       0.000197
     2427.100000       0.000195
     2427.200000       0.000193
     2427.300000       0.000190
     2427.400000       0.000187
     2427.500000       0.000185
     2427.600000       0.000182
     2427.700000       0.000179
     2427.800000       0.000175
     2427.900000       0.000172
     2428.000000       0.000169
     2428.100000       0.000165
     2428.200000       0.000162
     2428.300000       0.000158
     2428.400000       0.000155
     2428.500000       0.000151
     2428.600000       0.000147
     2428.700000       0.000144
     2428.800000       0.000140
     2428.900000       0.000137
     2429.000000       0.000407
     2429.100000       0.000410
     2429.200000       0.000414
     2429.300000       0.000417
     2429.400000       0.000420
     2429.500000       0.000423
     2429.600000       0.000425
     2429.700000       0.000427
     2429.800000       0.000429
     2429.900000       0.000431
     2430.000000       0.000689
     2430.100000       0.000693
     2430.200000       0.000698
     2430.300000       0.000701
     2430.400000       0.000705
     2430.500000       0.000708
     2430.600000       0.000711
     2430.700000       0.000714
     2430.800000       0.000717
     2430.900000       0.000720
     2431.000000       0.000723
     2431.100000       0.000726
     2431.200000       0.000729
     2431.300000       0.000732
     2431.400000       0.000736
     2431.500000       0.000739
     2431.600000       0.000743
     2431.700000       0.000748
     2431.800000       0.000752
     2431.900000       0.000757
     2432.000000       0.000763
     2432.100000       0.000769
     2432.200000       0.000776
     2432.300000       0.000783
     2432.400000       0.000791
     2432.500000       0.000800
     2432.600000       0.000809
     2432.700000       0.000820
     2432.800000       0.000831
     2432.900000       0.000843
     2433.000000       0.000856
     2433.100000       0.000870
     2433.200000       0.000885
     2433.300000       0.000901
     2433.400000       0.000918
     2433.500000       0.000936
     2433.600000       0.000954
     2433.700000       0.000974
     2433.800000       0.000994
     2433.900000       0.001015
     2434.000000       0.001037
     2434.100000       0.001059
     2434.200000       0.001082
     2434.300000       0.001105
     2434.400000       0.001129
     2434.500000       0.001153
     2434.600000       0.001178
     2434.700000       0.001203
     2434.800000       0.001228
     2434.900000       0.001254
     2435.000000       0.001279
     2435.100000       0.001305
     2435.200000       0.001331
     2435.300000       0.001357
     2435.400000       0.001383
     2435.500000       0.001409
     2435.600000       0.001434
     2435.700000       0.001460
     2435.800000       0.001485
     2435.900000       0.001510
     2436.000000       0.001535
     2436.100000       0.001560
     2436.200000       0.001584
     2436.300000       0.001608
     2436.400000       0.001631
     2436.500000       0.001653
     2436.600000       0.001676
     2436.700000       0.001697
     2436.800000       0.001718
     2436.900000       0.001738
     2437.000000       0.001758
     2437.100000       0.001776
     2437.200000       0.001795
     2437.300000       0.001813
     2437.400000       0.001830
     2437.500000       0.001846
     2437.600000       0.001862
     2437.700000       0.001878
     2437.800000       0.001892
     2437.900000       0.001907
     2438.000000       0.001920
     2438.100000       0.001934
     2438.200000       0.001946
     2438.300000       0.001959
     2438.400000       0.001970
     2438.500000       0.001981
     2438.600000       0.001992
     2438.700000       0.002002
     2438.800000       0.002012
     2438.900000       0.002021
     2439.000000       0.002286
     2439.100000       0.002307
     2439.200000       0.002328
     2439.300000       0.002349
     2439.400000       0.002370
     2439.500000       0.002390
     2439.600000       0.002410
     2439.700000       0.002430
     2439.800000       0.002449
     2439.900000       0.002468
     2440.000000       0.002487
     2440.100000       0.002505
     2440.200000       0.002523
     2440.300000       0.002541
     2440.400000       0.002559
     2440.500000       0.002576
     2440.600000       0.002592
     2440.700000       0.002609
     2440.800000       0.002625
     2440.900000       0.002641
     2441.000000       0.002656
     2441.100000       0.002671
     2441.200000       0.002686
     2441.300000       0.002701
     2441.400000       0.002715
     2441.500000       0.002729
     2441.600000       0.002743
     2441.700000       0.002757
     2441.800000       0.002770
     2441.900000       0.002784
     2442.000000       0.002797
     2442.100000       0.002809
     2442.200000       0.002822
     2442.300000       0.002834
     2442.400000       0.002847
     2442.500000       0.002859
     2442.600000       0.002870
     2442.700000       0.002882
     2442.800000       0.002894
     2442.900000       0.002905
     2443.000000       0.002916
     2443.100000       0.002927
     2443.200000       0.002938
     2443.300000       0.002949
     2443.400000       0.002960
     2443.500000       0.002970
     2443.600000       0.002981
     2443.700000       0.002991
     2443.800000       0.003002
     2443.900000       0.003012
     2444.000000       0.003022
     2444.100000       0.003032
     2444.200000       0.003043
     2444.300000       0.003053
     2444.400000       0.003064
     2444.500000       0.003075
     2444.600000       0.003086
     2444.700000       0.003098
     2444.800000       0.003110
     2444.900000       0.003123
     2445.000000       0.003136
     2445.100000       0.003150
     2445.200000       0.003165
     2445.300000       0.003180
     2445.400000       0.003196
     2445.500000       0.003213
     2445.600000       0.003230
     2445.700000       0.003249
     2445.800000       0.003269
     2445.900000       0.003290
     2446.000000       0.003311
     2446.100000       0.003335
     2446.200000       0.003359
     2446.300000       0.003384
     2446.400000       0.003411
     2446.500000       0.003440
     2446.600000       0.003470
     2446.700000       0.003501
     2446.800000       0.003534
     2446.900000       0.003568
     2447.000000       0.003605
     2447.100000       0.003643
     2447.200000       0.003682
     2447.300000       0.003724
     2447.400000       0.003768
     2447.500000       0.003813
     2447.600000       0.003861
     2447.700000       0.003910
     2447.800000       0.003961
     2447.900000       0.004014
     2448.000000       0.004069
     2448.100000       0.004126
     2448.200000       0.004184
     2448.300000       0.004244
     2448.400000       0.004306
     2448.500000       0.004369
     2448.600000       0.004434
     2448.700000       0.004500
     2448.800000       0.004569
     2448.900000       0.004638
     2449.000000       0.004709
     2449.100000       0.004782
     2449.200000       0.004856
     2449.300000       0.004931
     2449.400000       0.005008
     2449.500000       0.005085
     2449.600000       0.005165
     2449.700000       0.005245
     2449.800000       0.005327
     2449.900000       0.005410
     2450.000000       0.005494
     2450.100000       0.005579
     2450.200000       0.005665
     2450.300000       0.005753
     2450.400000       0.005841
     2450.500000       0.005931
     2450.600000       0.006021
     2450.700000       0.006112
     2450.800000       0.006205
     2450.900000       0.006298
     2451.000000       0.006392
     2451.100000       0.006486
     2451.200000       0.006582
     2451.300000       0.006678
     2451.400000       0.006776
     2451.500000       0.006874
     2451.600000       0.006973
     2451.700000       0.007073
     2451.800000       0.007174
     2451.900000       0.007276
     2452.000000       0.007379
     2452.100000       0.007484
     2452.200000       0.007589
     2452.300000       0.007695
     2452.400000       0.007802
     2452.500000       0.007911
     2452.600000       0.008021
     2452.700000       0.008132
     2452.800000       0.008244
     2452.900000       0.008357
     2453.000000       0.008471
     2453.100000       0.008587
     2453.200000       0.008704
     2453.300000       0.008823
     2453.400000       0.008942
     2453.500000       0.009063
     2453.600000       0.009186
     2453.700000       0.009310
     2453.800000       0.009435
     2453.900000       0.009562
     2454.000000       0.009690
     2454.100000       0.009819
     2454.200000       0.009951
     2454.300000       0.010083
     2454.400000       0.010218
     2454.500000       0.010353
     2454.600000       0.010491
     2454.700000       0.010630
     2454.800000       0.010770
     2454.900000       0.010913
     2455.000000       0.011057
     2455.100000       0.011203
     2455.200000       0.011351
     2455.300000       0.011501
     2455.400000       0.011652
     2455.500000       0.011806
     2455.600000       0.011961
     2455.700000       0.012119
     2455.800000       0.012279
     2455.900000       0.012441
     2456.000000       0.012605
     2456.100000       0.012772
     2456.200000       0.012940
     2456.300000       0.013111
     2456.400000       0.013285
     2456.500000       0.013461
     2456.600000       0.013639
     2456.700000       0.013820
     2456.800000       0.014003
     2456.900000       0.014189
     2457.000000       0.014378
     2457.100000       0.014569
     2457.200000       0.014763
     2457.300000       0.014960
     2457.400000       0.015160
     2457.500000       0.015363
     2457.600000       0.015568
     2457.700000       0.015776
     2457.800000       0.015988
     2457.900000       0.016202
     2458.000000       0.016420
     2458.100000       0.016641
     2458.200000       0.016865
     2458.300000       0.017092
     2458.400000       0.017322
     2458.500000       0.017556
     2458.600000       0.017793
     2458.700000       0.018034
     2458.800000       0.018279
     2458.900000       0.018527
     2459.000000       0.018779
     2459.100000       0.019035
     2459.200000       0.019295
     2459.300000       0.019559
     2459.400000       0.019828
     2459.500000       0.020100
     2459.600000       0.020377
     2459.700000       0.020659
     2459.800000       0.020945
     2459.900000       0.021235
     2460.000000       0.021530
     2460.100000       0.021830
     2460.200000       0.022135
     2460.300000       0.022445
     2460.400000       0.022760
     2460.500000       0.023080
     2460.600000       0.023405
     2460.700000       0.023735
     2460.800000       0.024071
     2460.900000       0.024412
     2461.000000       0.024759
     2461.100000       0.025112
     2461.200000       0.025470
     2461.300000       0.025834
     2461.400000       0.026204
     2461.500000       0.026580
     2461.600000       0.026962
     2461.700000       0.027351
     2461.800000       0.027745
     2461.900000       0.028146
     2462.000000       0.028553
     2462.100000       0.028967
     2462.200000       0.029388
     2462.300000       0.029815
     2462.400000       0.030250
     2462.500000       0.030692
     2462.600000       0.031141
     2462.700000       0.031597
     2462.800000       0.032061
     2462.900000       0.032533
     2463.000000       0.033012
     2463.100000       0.033500
     2463.200000       0.033995
     2463.300000       0.034499
     2463.400000       0.035012
     2463.500000       0.035533
     2463.600000       0.036062
     2463.700000       0.036601
     2463.800000       0.037148
     2463.900000       0.037704
     2464.000000       0.038270
     2464.100000       0.038845
     2464.200000       0.039430
     2464.300000       0.040024
     2464.400000       0.040628
     2464.500000       0.041242
     2464.600000       0.041866
     2464.700000       0.042500
     2464.800000       0.043145
     2464.900000       0.043800
     2465.000000       0.044466
     2465.100000       0.045143
     2465.200000       0.045830
     2465.300000       0.046529
     2465.400000       0.047238
     2465.500000       0.047959
     2465.600000       0.048692
     2465.700000       0.049436
     2465.800000       0.050192
     2465.900000       0.050960
     2466.000000       0.051740
     2466.100000       0.052532
     2466.200000       0.053337
     2466.300000       0.054154
     2466.400000       0.054984
     2466.500000       0.055826
     2466.600000       0.056682
     2466.700000       0.057551
     2466.800000       0.058433
     2466.900000       0.059328
     2467.000000       0.060238
     2467.100000       0.061161
     2467.200000       0.062098
     2467.300000       0.063048
     2467.400000       0.064014
     2467.500000       0.064993
     2467.600000       0.065987
     2467.700000       0.066996
     2467.800000       0.068020
     2467.900000       0.069058
     2468.000000       0.070112
     2468.100000       0.071181
     2468.200000       0.072266
     2468.300000       0.073366
     2468.400000       0.074482
     2468.500000       0.075613
     2468.600000       0.076761
     2468.700000       0.077925
     2468.800000       0.079106
     2468.900000       0.080303
     2469.000000       0.081516
     2469.100000       0.082747
     2469.200000       0.083994
     2469.300000       0.085259
     2469.400000       0.086542
     2469.500000       0.087842
     2469.600000       0.089162
     2469.700000       0.090501
     2469.800000       0.091860
     2469.900000       0.093239
     2470.000000       0.094638
     2470.100000       0.096059
     2470.200000       0.097501
     2470.300000       0.098966
     2470.400000       0.100453
     2470.500000       0.101964
     2470.600000       0.103498
     2470.700000       0.105055
     2470.800000       0.106638
     2470.900000       0.108245
     2471.000000       0.109878
     2471.100000       0.111537
     2471.200000       0.113223
     2471.300000       0.114935
     2471.400000       0.116675
     2471.500000       0.118443
     2471.600000       0.120239
     2471.700000       0.122064
     2471.800000       0.123918
     2471.900000       0.125802
     2472.000000       0.127717
     2472.100000       0.129662
     2472.200000       0.131638
     2472.300000       0.133647
     2472.400000       0.135687
     2472.500000       0.137760
     2472.600000       0.139866
     2472.700000       0.142006
     2472.800000       0.144180
     2472.900000       0.146389
     2473.000000       0.148632
     2473.100000       0.150910
     2473.200000       0.153222
     2473.300000       0.155570
     2473.400000       0.157951
     2473.500000       0.160368
     2473.600000       0.162819
     2473.700000       0.165305
     2473.800000       0.167825
     2473.900000       0.170381
     2474.000000       0.172971
     2474.100000       0.175595
     2474.200000       0.178255
     2474.300000       0.180949
     2474.400000       0.183678
     2474.500000       0.186442
     2474.600000       0.189240
     2474.700000       0.192073
     2474.800000       0.194941
     2474.900000       0.197844
     2475.000000       0.200782
     2475.100000       0.203754
     2475.200000       0.206761
     2475.300000       0.209803
     2475.400000       0.212880
     2475.500000       0.215992
     2475.600000       0.219139
     2475.700000       0.222320
     2475.800000       0.225537
     2475.900000       0.228788
     2476.000000       0.232074
     2476.100000       0.235395
     2476.200000       0.238751
     2476.300000       0.242142
     2476.400000       0.245568
     2476.500000       0.249029
     2476.600000       0.252524
     2476.700000       0.256055
     2476.800000       0.259620
     2476.900000       0.263221
     2477.000000       0.266856
     2477.100000       0.270526
     2477.200000       0.274230
     2477.300000       0.277969
     2477.400000       0.281743
     2477.500000       0.285552
     2477.600000       0.289395
     2477.700000       0.293272
     2477.800000       0.297184
     2477.900000       0.301131
     2478.000000       0.305112
     2478.100000       0.309127
     2478.200000       0.313177
     2478.300000       0.317261
     2478.400000       0.321379
     2478.500000       0.325531
     2478.600000       0.329718
     2478.700000       0.333938
     2478.800000       0.338193
     2478.900000       0.342482
     2479.000000       0.346805
     2479.100000       0.351162
     2479.200000       0.355553
     2479.300000       0.359978
     2479.400000       0.364436
     2479.500000       0.368929
     2479.600000       0.373455
     2479.700000       0.378015
     2479.800000       0.382609
     2479.900000       0.387236
     2480.000000       0.391898
     2480.100000       0.396593
     2480.200000       0.401321
     2480.300000       0.406082
     2480.400000       0.410876
     2480.500000       0.415700
     2480.600000       0.420554
     2480.700000       0.425437
     2480.800000       0.430348
     2480.900000       0.435285
     2481.000000       0.440248
     2481.100000       0.445234
     2481.200000       0.450245
     2481.300000       0.455277
     2481.400000       0.460330
     2481.500000       0.465404
     2481.600000       0.470496
     2481.700000       0.475607
     2481.800000       0.480733
     2481.900000       0.485876
     2482.000000       0.491033
     2482.100000       0.496204
     2482.200000       0.501386
     2482.300000       0.506580
     2482.400000       0.511785
     2482.500000       0.516998
     2482.600000       0.522219
     2482.700000       0.527447
     2482.800000       0.532681
     2482.900000       0.537920
     2483.000000       0.543162
     2483.100000       0.548407
     2483.200000       0.553653
     2483.300000       0.558899
     2483.400000       0.564145
     2483.500000       0.569388
     2483.600000       0.574629
     2483.700000       0.579866
     2483.800000       0.585098
     2483.900000       0.590323
     2484.000000       0.595541
     2484.100000       0.600750
     2484.200000       0.605950
     2484.300000       0.611138
     2484.400000       0.616314
     2484.500000       0.621477
     2484.600000       0.626625
     2484.700000       0.631758
     2484.800000       0.636873
     2484.900000       0.641970
     2485.000000       0.647047
     2485.100000       0.652103
     2485.200000       0.657138
     2485.300000       0.662149
     2485.400000       0.667136
     2485.500000       0.672098
     2485.600000       0.677032
     2485.700000       0.681939
     2485.800000       0.686816
     2485.900000       0.691663
     2486.000000       0.696478
     2486.100000       0.701260
     2486.200000       0.706008
     2486.300000       0.710721
     2486.400000       0.715397
     2486.500000       0.720036
     2486.600000       0.724635
     2486.700000       0.729195
     2486.800000       0.733713
     2486.900000       0.738188
     2487.000000       0.742620
     2487.100000       0.747006
     2487.200000       0.751347
     2487.300000       0.755640
     2487.400000       0.759884
     2487.500000       0.764078
     2487.600000       0.768221
     2487.700000       0.772312
     2487.800000       0.776352
     2487.900000       0.780339
     2488.000000       0.784275
     2488.100000       0.788159
     2488.200000       0.791991
     2488.300000       0.795771
     2488.400000       0.799500
     2488.500000       0.803176
     2488.600000       0.806800
     2488.700000       0.810373
     2488.800000       0.813894
     2488.900000       0.817363
     2489.000000       0.820780
     2489.100000       0.824145
     2489.200000       0.827458
     2489.300000       0.830720
     2489.400000       0.833929
     2489.500000       0.837086
     2489.600000       0.840192
     2489.700000       0.843246
     2489.800000       0.846248
     2489.900000       0.849198
     2490.000000       0.852096
     2490.100000       0.854942
     2490.200000       0.857736
     2490.300000       0.860479
     2490.400000       0.863169
     2490.500000       0.865808
     2490.600000       0.868395
     2490.700000       0.870929
     2490.800000       0.873412
     2490.900000       0.875843
     2491.000000       0.878222
     2491.100000       0.880549
     2491.200000       0.882825
     2491.300000       0.885048
     2491.400000       0.887219
     2491.500000       0.889340
     2491.600000       0.891410
     2491.700000       0.893431
     2491.800000       0.895403
     2491.900000       0.897327
     2492.000000       0.899203
     2492.100000       0.901033
     2492.200000       0.902817
     2492.300000       0.904556
     2492.400000       0.906251
     2492.500000       0.907902
     2492.600000       0.909511
     2492.700000       0.911077
     2492.800000       0.912602
     2492.900000       0.914086
     2493.000000       0.915531
     2493.100000       0.916936
     2493.200000       0.918303
     2493.300000       0.919632
     2493.400000       0.920925
     2493.500000       0.922181
     2493.600000       0.923402
     2493.700000       0.924588
     2493.800000       0.925741
     2493.900000       0.926860
     2494.000000       0.927947
     2494.100000       0.929002
     2494.200000       0.930026
     2494.300000       0.931020
     2494.400000       0.931985
     2494.500000       0.932921
     2494.600000       0.933829
     2494.700000       0.934710
     2494.800000       0.935564
     2494.900000       0.936393
     2495.000000       0.937196
     2495.100000       0.937976
     2495.200000       0.938732
     2495.300000       0.939464
     2495.400000       0.940173
     2495.500000       0.940859
     2495.600000       0.941523
     2495.700000       0.942166
     2495.800000       0.942786
     2495.900000       0.943385
     2496.000000       0.943964
     2496.100000       0.944522
     2496.200000       0.945059
     2496.300000       0.945577
     2496.400000       0.946076
     2496.500000       0.946555
     2496.600000       0.947016
     2496.700000       0.947459
     2496.800000       0.947883
     2496.900000       0.948291
     2497.000000       0.948680
     2497.100000       0.949053
     2497.200000       0.949410
     2497.300000       0.949750
     2497.400000       0.950075
     2497.500000       0.950384
     2497.600000       0.950679
     2497.700000       0.950958
     2497.800000       0.951224
     2497.900000       0.951475
     2498.000000       0.951713
     2498.100000       0.951938
     2498.200000       0.952150
     2498.300000       0.952349
     2498.400000       0.952537
     2498.500000       0.952713
     2498.600000       0.952877
     2498.700000       0.953031
     2498.800000       0.953173
     2498.900000       0.953306
     2499.000000       0.953429
     2499.100000       0.953543
     2499.200000       0.953648
     2499.300000       0.953744
     2499.400000       0.953833
     2499.500000       0.953915
     2499.600000       0.953990
     2499.700000       0.954058
     2499.800000       0.954120
     2499.900000       0.954177
     2500.000000       0.954229
     2500.100000       0.954276
     2500.200000       0.954320
     2500.300000       0.954359
     2500.400000       0.954396
     2500.500000       0.954430
     2500.600000       0.954462
     2500.700000       0.954492
     2500.800000       0.954522
     2500.900000       0.954550
     2501.000000       0.954578
     2501.100000       0.954606
     2501.200000       0.954635
     2501.300000       0.954666
     2501.400000       0.954697
     2501.500000       0.954731
     2501.600000       0.954768
     2501.700000       0.954808
     2501.800000       0.954851
     2501.900000       0.954898
     2502.000000       0.954950
     2502.100000       0.955006
     2502.200000       0.955068
     2502.300000       0.955136
     2502.400000       0.955210
     2502.500000       0.955292
     2502.600000       0.955380
     2502.700000       0.955476
     2502.800000       0.955578
     2502.900000       0.955687
     2503.000000       0.955803
     2503.100000       0.955925
     2503.200000       0.956053
     2503.300000       0.956188
     2503.400000       0.956328
     2503.500000       0.956473
     2503.600000       0.956624
     2503.700000       0.956781
     2503.800000       0.956942
     2503.900000       0.957108
     2504.000000       0.957278
     2504.100000       0.957453
     2504.200000       0.957632
     2504.300000       0.957816
     2504.400000       0.958002
     2504.500000       0.958193
     2504.600000       0.958387
     2504.700000       0.958585
     2504.800000       0.958785
     2504.900000       0.958988
     2505.000000       0.959194
     2505.100000       0.959402
     2505.200000       0.959613
     2505.300000       0.959825
     2505.400000       0.960040
     2505.500000       0.960256
     2505.600000       0.960474
     2505.700000       0.960693
     2505.800000       0.960913
     2505.900000       0.961134
     2506.000000       0.961356
     2506.100000       0.961578
     2506.200000       0.961800
     2506.300000       0.962023
     2506.400000       0.962245
     2506.500000       0.962468
     2506.600000       0.962690
     2506.700000       0.962913
     2506.800000       0.963136
     2506.900000       0.963359
     2507.000000       0.963582
     2507.100000       0.963805
     2507.200000       0.964029
     2507.300000       0.964253
     2507.400000       0.964477
     2507.500000       0.964701
     2507.600000       0.964926
     2507.700000       0.965151
     2507.800000       0.965376
     2507.900000       0.965602
     2508.000000       0.965829
     2508.100000       0.966056
     2508.200000       0.966283
     2508.300000       0.966511
     2508.400000       0.966739
     2508.500000       0.966968
     2508.600000       0.967198
     2508.700000       0.967428
     2508.800000       0.967660
     2508.900000       0.967891
     2509.000000       0.968124
     2509.100000       0.968357
     2509.200000       0.968591
     2509.300000       0.968826
     2509.400000       0.969062
     2509.500000       0.969298
     2509.600000       0.969536
     2509.700000       0.969774
     2509.800000       0.970014
     2509.900000       0.970254
     2510.000000       0.970495
     2510.100000       0.970738
     2510.200000       0.970982
     2510.300000       0.971226
     2510.400000       0.971472
     2510.500000       0.971718
     2510.600000       0.971965
     2510.700000       0.972213
     2510.800000       0.972461
     2510.900000       0.972710
     2511.000000       0.972960
     2511.100000       0.973210
     2511.200000       0.973461
     2511.300000       0.973712
     2511.400000       0.973963
     2511.500000       0.974215
     2511.600000       0.974466
     2511.700000       0.974718
     2511.800000       0.974970
     2511.900000       0.975222
     2512.000000       0.975475
     2512.100000       0.975726
     2512.200000       0.975978
     2512.300000       0.976230
     2512.400000       0.976481
     2512.500000       0.976732
     2512.600000       0.976983
     2512.700000       0.977233
     2512.800000       0.977483
     2512.900000       0.977732
     2513.000000       0.977981
     2513.100000       0.978228
     2513.200000       0.978476
     2513.300000       0.978722
     2513.400000       0.978967
     2513.500000       0.979212
     2513.600000       0.979455
     2513.700000       0.979698
     2513.800000       0.979939
     2513.900000       0.980180
     2514.000000       0.980419
     2514.100000       0.980657
     2514.200000       0.980894
     2514.300000       0.981130
     2514.400000       0.981364
     2514.500000       0.981598
     2514.600000       0.981830
     2514.700000       0.982062
     2514.800000       0.982292
     2514.900000       0.982521
     2515.000000       0.982749
     2515.100000       0.982976
     2515.200000       0.983202
     2515.300000       0.983427
     2515.400000       0.983651
     2515.500000       0.983873
     2515.600000       0.984095
     2515.700000       0.984316
     2515.800000       0.984536
     2515.900000       0.984754
     2516.000000       0.984972
     2516.100000       0.985189
     2516.200000       0.985404
     2516.300000       0.985619
     2516.400000       0.985833
     2516.500000       0.986045
     2516.600000       0.986257
     2516.700000       0.986468
     2516.800000       0.986678
     2516.900000       0.986887
     2517.000000       0.987095
     2517.100000       0.987302
     2517.200000       0.987508
     2517.300000       0.987714
     2517.400000       0.987918
     2517.500000       0.988121
     2517.600000       0.988324
     2517.700000       0.988526
     2517.800000       0.988727
     2517.900000       0.988927
     2518.000000       0.989125
     2518.100000       0.989323
     2518.200000       0.989520
     2518.300000       0.989716
     2518.400000       0.989910
     2518.500000       0.990103
     2518.600000       0.990295
     2518.700000       0.990486
     2518.800000       0.990675
     2518.900000       0.990863
     2519.000000       0.991049
     2519.100000       0.991234
     2519.200000       0.991418
     2519.300000       0.991599
     2519.400000       0.991780
     2519.500000       0.991958
     2519.600000       0.992135
     2519.700000       0.992310
     2519.800000       0.992483
     2519.900000       0.992655
     2520.000000       0.992824
     2520.100000       0.992992
     2520.200000       0.993157
     2520.300000       0.993321
     2520.400000       0.993482
     2520.500000       0.993641
     2520.600000       0.993799
     2520.700000       0.993954
     2520.800000       0.994106
     2520.900000       0.994257
     2521.000000       0.994405
     2521.100000       0.994550
     2521.200000       0.994694
     2521.300000       0.994834
     2521.400000       0.994973
     2521.500000       0.995108
     2521.600000       0.995241
     2521.700000       0.995372
     2521.800000       0.995500
     2521.900000       0.995626
     2522.000000       0.995749
     2522.100000       0.995870
     2522.200000       0.995989
     2522.300000       0.996106
     2522.400000       0.996220
     2522.500000       0.996332
     2522.600000       0.996443
     2522.700000       0.996551
     2522.800000       0.996657
     2522.900000       0.996761
     2523.000000       0.996863
     2523.100000       0.996963
     2523.200000       0.997062
     2523.300000       0.997159
     2523.400000       0.997254
     2523.500000       0.997347
     2523.600000       0.997439
     2523.700000       0.997529
     2523.800000       0.997618
     2523.900000       0.997705
     2524.000000       0.997790
     2524.100000       0.997875
     2524.200000       0.997958
     2524.300000       0.998039
     2524.400000       0.998120
     2524.500000       0.998198
     2524.600000       0.998277
     2524.700000       0.998353
     2524.800000       0.998429
     2524.900000       0.998504
     2525.000000       0.998577
     2525.100000       0.998650
     2525.200000       0.998722
     2525.300000       0.998793
     2525.400000       0.998863
     2525.500000       0.998932
     2525.600000       0.999000
     2525.700000       0.999067
     2525.800000       0.999132
     2525.900000       0.999196
     2526.000000       0.999258
     2526.100000       0.999319
     2526.200000       0.999378
     2526.300000       0.999435
     2526.400000       0.999490
     2526.500000       0.999542
     2526.600000       0.999593
     2526.700000       0.999641
     2526.800000       0.999687
     2526.900000       0.999730
     2527.000000       0.999770
     2527.100000       0.999807
     2527.200000       0.999842
     2527.300000       0.999873
     2527.400000       0.999901
     2527.500000       0.999926
     2527.600000       0.999948
     2527.700000       0.999966
     2527.800000       0.999980
     2527.900000       0.999991
     2528.000000       0.999997
     2528.100000       1.000000
     2528.200000       0.999999
     2528.300000       0.999993
     2528.400000       0.999983
     2528.500000       0.999969
     2528.600000       0.999950
     2528.700000       0.999926
     2528.800000       0.999897
     2528.900000       0.999864
     2529.000000       0.999826
     2529.100000       0.999782
     2529.200000       0.999733
     2529.300000       0.999680
     2529.400000       0.999621
     2529.500000       0.999556
     2529.600000       0.999488
     2529.700000       0.999414
     2529.800000       0.999335
     2529.900000       0.999252
     2530.000000       0.999164
     2530.100000       0.999071
     2530.200000       0.998974
     2530.300000       0.998873
     2530.400000       0.998767
     2530.500000       0.998657
     2530.600000       0.998543
     2530.700000       0.998424
     2530.800000       0.998302
     2530.900000       0.998175
     2531.000000       0.998045
     2531.100000       0.997911
     2531.200000       0.997773
     2531.300000       0.997631
     2531.400000       0.997486
     2531.500000       0.997336
     2531.600000       0.997184
     2531.700000       0.997028
     2531.800000       0.996869
     2531.900000       0.996707
     2532.000000       0.996541
     2532.100000       0.996372
     2532.200000       0.996200
     2532.300000       0.996026
     2532.400000       0.995848
     2532.500000       0.995667
     2532.600000       0.995484
     2532.700000       0.995298
     2532.800000       0.995109
     2532.900000       0.994918
     2533.000000       0.994725
     2533.100000       0.994529
     2533.200000       0.994330
     2533.300000       0.994128
     2533.400000       0.993923
     2533.500000       0.993715
     2533.600000       0.993504
     2533.700000       0.993289
     2533.800000       0.993071
     2533.900000       0.992848
     2534.000000       0.992622
     2534.100000       0.992392
     2534.200000       0.992158
     2534.300000       0.991919
     2534.400000       0.991675
     2534.500000       0.991427
     2534.600000       0.991174
     2534.700000       0.990916
     2534.800000       0.990653
     2534.900000       0.990384
     2535.000000       0.990110
     2535.100000       0.989831
     2535.200000       0.989545
     2535.300000       0.989254
     2535.400000       0.988957
     2535.500000       0.988653
     2535.600000       0.988343
     2535.700000       0.988026
     2535.800000       0.987703
     2535.900000       0.987373
     2536.000000       0.987036
     2536.100000       0.986691
     2536.200000       0.986340
     2536.300000       0.985981
     2536.400000       0.985614
     2536.500000       0.985239
     2536.600000       0.984857
     2536.700000       0.984467
     2536.800000       0.984068
     2536.900000       0.983661
     2537.000000       0.983246
     2537.100000       0.982824
     2537.200000       0.982394
     2537.300000       0.981958
     2537.400000       0.981516
     2537.500000       0.981068
     2537.600000       0.980615
     2537.700000       0.980157
     2537.800000       0.979694
     2537.900000       0.979227
     2538.000000       0.978757
     2538.100000       0.978283
     2538.200000       0.977807
     2538.300000       0.977328
     2538.400000       0.976847
     2538.500000       0.976364
     2538.600000       0.975881
     2538.700000       0.975396
     2538.800000       0.974912
     2538.900000       0.974427
     2539.000000       0.973943
     2539.100000       0.973460
     2539.200000       0.972978
     2539.300000       0.972498
     2539.400000       0.972021
     2539.500000       0.971546
     2539.600000       0.971074
     2539.700000       0.970605
     2539.800000       0.970140
     2539.900000       0.969680
     2540.000000       0.969225
     2540.100000       0.968774
     2540.200000       0.968329
     2540.300000       0.967890
     2540.400000       0.967458
     2540.500000       0.967032
     2540.600000       0.966614
     2540.700000       0.966203
     2540.800000       0.965800
     2540.900000       0.965405
     2541.000000       0.965017
     2541.100000       0.964637
     2541.200000       0.964264
     2541.300000       0.963898
     2541.400000       0.963539
     2541.500000       0.963186
     2541.600000       0.962841
     2541.700000       0.962502
     2541.800000       0.962170
     2541.900000       0.961843
     2542.000000       0.961523
     2542.100000       0.961209
     2542.200000       0.960901
     2542.300000       0.960598
     2542.400000       0.960302
     2542.500000       0.960010
     2542.600000       0.959724
     2542.700000       0.959443
     2542.800000       0.959167
     2542.900000       0.958895
     2543.000000       0.958629
     2543.100000       0.958367
     2543.200000       0.958110
     2543.300000       0.957856
     2543.400000       0.957607
     2543.500000       0.957363
     2543.600000       0.957122
     2543.700000       0.956884
     2543.800000       0.956651
     2543.900000       0.956421
     2544.000000       0.956194
     2544.100000       0.955970
     2544.200000       0.955749
     2544.300000       0.955532
     2544.400000       0.955317
     2544.500000       0.955105
     2544.600000       0.954895
     2544.700000       0.954687
     2544.800000       0.954481
     2544.900000       0.954277
     2545.000000       0.954074
     2545.100000       0.953872
     2545.200000       0.953670
     2545.300000       0.953469
     2545.400000       0.953268
     2545.500000       0.953066
     2545.600000       0.952863
     2545.700000       0.952659
     2545.800000       0.952453
     2545.900000       0.952246
     2546.000000       0.952037
     2546.100000       0.951825
     2546.200000       0.951610
     2546.300000       0.951392
     2546.400000       0.951171
     2546.500000       0.950945
     2546.600000       0.950716
     2546.700000       0.950482
     2546.800000       0.950243
     2546.900000       0.949999
     2547.000000       0.949750
     2547.100000       0.949494
     2547.200000       0.949233
     2547.300000       0.948964
     2547.400000       0.948689
     2547.500000       0.948407
     2547.600000       0.948118
     2547.700000       0.947820
     2547.800000       0.947514
     2547.900000       0.947200
     2548.000000       0.946877
     2548.100000       0.946544
     2548.200000       0.946202
     2548.300000       0.945850
     2548.400000       0.945488
     2548.500000       0.945116
     2548.600000       0.944733
     2548.700000       0.944340
     2548.800000       0.943939
     2548.900000       0.943529
     2549.000000       0.943111
     2549.100000       0.942685
     2549.200000       0.942253
     2549.300000       0.941814
     2549.400000       0.941369
     2549.500000       0.940919
     2549.600000       0.940465
     2549.700000       0.940006
     2549.800000       0.939543
     2549.900000       0.939078
     2550.000000       0.938610
     2550.100000       0.938140
     2550.200000       0.937668
     2550.300000       0.937196
     2550.400000       0.936723
     2550.500000       0.936250
     2550.600000       0.935779
     2550.700000       0.935308
     2550.800000       0.934840
     2550.900000       0.934373
     2551.000000       0.933910
     2551.100000       0.933450
     2551.200000       0.932994
     2551.300000       0.932543
     2551.400000       0.932097
     2551.500000       0.931657
     2551.600000       0.931222
     2551.700000       0.930795
     2551.800000       0.930375
     2551.900000       0.929963
     2552.000000       0.929559
     2552.100000       0.929164
     2552.200000       0.928778
     2552.300000       0.928403
     2552.400000       0.928038
     2552.500000       0.927684
     2552.600000       0.927340
     2552.700000       0.927006
     2552.800000       0.926681
     2552.900000       0.926366
     2553.000000       0.926059
     2553.100000       0.925762
     2553.200000       0.925473
     2553.300000       0.925192
     2553.400000       0.924918
     2553.500000       0.924653
     2553.600000       0.924395
     2553.700000       0.924143
     2553.800000       0.923898
     2553.900000       0.923660
     2554.000000       0.923427
     2554.100000       0.923201
     2554.200000       0.922980
     2554.300000       0.922764
     2554.400000       0.922553
     2554.500000       0.922346
     2554.600000       0.922144
     2554.700000       0.921946
     2554.800000       0.921751
     2554.900000       0.921560
     2555.000000       0.921372
     2555.100000       0.921187
     2555.200000       0.921004
     2555.300000       0.920824
     2555.400000       0.920645
     2555.500000       0.920468
     2555.600000       0.920292
     2555.700000       0.920118
     2555.800000       0.919944
     2555.900000       0.919771
     2556.000000       0.919597
     2556.100000       0.919424
     2556.200000       0.919250
     2556.300000       0.919076
     2556.400000       0.918900
     2556.500000       0.918724
     2556.600000       0.918547
     2556.700000       0.918370
     2556.800000       0.918192
     2556.900000       0.918013
     2557.000000       0.917834
     2557.100000       0.917654
     2557.200000       0.917474
     2557.300000       0.917293
     2557.400000       0.917112
     2557.500000       0.916931
     2557.600000       0.916749
     2557.700000       0.916567
     2557.800000       0.916386
     2557.900000       0.916204
     2558.000000       0.916022
     2558.100000       0.915840
     2558.200000       0.915658
     2558.300000       0.915475
     2558.400000       0.915294
     2558.500000       0.915112
     2558.600000       0.914931
     2558.700000       0.914749
     2558.800000       0.914569
     2558.900000       0.914388
     2559.000000       0.914208
     2559.100000       0.914028
     2559.200000       0.913849
     2559.300000       0.913671
     2559.400000       0.913493
     2559.500000       0.913315
     2559.600000       0.913139
     2559.700000       0.912963
     2559.800000       0.912788
     2559.900000       0.912613
     2560.000000       0.912440
     2560.100000       0.912268
     2560.200000       0.912096
     2560.300000       0.911926
     2560.400000       0.911756
     2560.500000       0.911588
     2560.600000       0.911422
     2560.700000       0.911256
     2560.800000       0.911093
     2560.900000       0.910931
     2561.000000       0.910770
     2561.100000       0.910612
     2561.200000       0.910455
     2561.300000       0.910301
     2561.400000       0.910149
     2561.500000       0.909999
     2561.600000       0.909851
     2561.700000       0.909706
     2561.800000       0.909564
     2561.900000       0.909424
     2562.000000       0.909287
     2562.100000       0.909153
     2562.200000       0.909022
     2562.300000       0.908894
     2562.400000       0.908769
     2562.500000       0.908647
     2562.600000       0.908529
     2562.700000       0.908415
     2562.800000       0.908304
     2562.900000       0.908196
     2563.000000       0.908093
     2563.100000       0.907993
     2563.200000       0.907898
     2563.300000       0.907806
     2563.400000       0.907719
     2563.500000       0.907636
     2563.600000       0.907557
     2563.700000       0.907483
     2563.800000       0.907414
     2563.900000       0.907350
     2564.000000       0.907290
     2564.100000       0.907235
     2564.200000       0.907185
     2564.300000       0.907140
     2564.400000       0.907099
     2564.500000       0.907063
     2564.600000       0.907030
     2564.700000       0.907001
     2564.800000       0.906974
     2564.900000       0.906951
     2565.000000       0.906930
     2565.100000       0.906910
     2565.200000       0.906893
     2565.300000       0.906877
     2565.400000       0.906863
     2565.500000       0.906849
     2565.600000       0.906835
     2565.700000       0.906822
     2565.800000       0.906808
     2565.900000       0.906794
     2566.000000       0.906779
     2566.100000       0.906763
     2566.200000       0.906746
     2566.300000       0.906726
     2566.400000       0.906705
     2566.500000       0.906681
     2566.600000       0.906654
     2566.700000       0.906624
     2566.800000       0.906590
     2566.900000       0.906553
     2567.000000       0.906512
     2567.100000       0.906466
     2567.200000       0.906415
     2567.300000       0.906360
     2567.400000       0.906298
     2567.500000       0.906231
     2567.600000       0.906158
     2567.700000       0.906079
     2567.800000       0.905993
     2567.900000       0.905899
     2568.000000       0.905799
     2568.100000       0.905690
     2568.200000       0.905574
     2568.300000       0.905450
     2568.400000       0.905319
     2568.500000       0.905182
     2568.600000       0.905037
     2568.700000       0.904887
     2568.800000       0.904730
     2568.900000       0.904568
     2569.000000       0.904400
     2569.100000       0.904228
     2569.200000       0.904050
     2569.300000       0.903868
     2569.400000       0.903682
     2569.500000       0.903492
     2569.600000       0.903299
     2569.700000       0.903102
     2569.800000       0.902902
     2569.900000       0.902699
     2570.000000       0.902494
     2570.100000       0.902287
     2570.200000       0.902079
     2570.300000       0.901868
     2570.400000       0.901657
     2570.500000       0.901444
     2570.600000       0.901231
     2570.700000       0.901018
     2570.800000       0.900805
     2570.900000       0.900592
     2571.000000       0.900380
     2571.100000       0.900169
     2571.200000       0.899958
     2571.300000       0.899750
     2571.400000       0.899543
     2571.500000       0.899338
     2571.600000       0.899136
     2571.700000       0.898936
     2571.800000       0.898739
     2571.900000       0.898546
     2572.000000       0.898356
     2572.100000       0.898170
     2572.200000       0.897988
     2572.300000       0.897810
     2572.400000       0.897635
     2572.500000       0.897463
     2572.600000       0.897295
     2572.700000       0.897129
     2572.800000       0.896967
     2572.900000       0.896807
     2573.000000       0.896649
     2573.100000       0.896494
     2573.200000       0.896341
     2573.300000       0.896190
     2573.400000       0.896041
     2573.500000       0.895894
     2573.600000       0.895748
     2573.700000       0.895603
     2573.800000       0.895460
     2573.900000       0.895318
     2574.000000       0.895176
     2574.100000       0.895035
     2574.200000       0.894895
     2574.300000       0.894756
     2574.400000       0.894616
     2574.500000       0.894477
     2574.600000       0.894337
     2574.700000       0.894197
     2574.800000       0.894057
     2574.900000       0.893916
     2575.000000       0.893774
     2575.100000       0.893632
     2575.200000       0.893488
     2575.300000       0.893343
     2575.400000       0.893197
     2575.500000       0.893049
     2575.600000       0.892899
     2575.700000       0.892748
     2575.800000       0.892594
     2575.900000       0.892438
     2576.000000       0.892280
     2576.100000       0.892119
     2576.200000       0.891956
     2576.300000       0.891790
     2576.400000       0.891621
     2576.500000       0.891451
     2576.600000       0.891277
     2576.700000       0.891101
     2576.800000       0.890922
     2576.900000       0.890741
     2577.000000       0.890558
     2577.100000       0.890372
     2577.200000       0.890183
     2577.300000       0.889992
     2577.400000       0.889798
     2577.500000       0.889602
     2577.600000       0.889403
     2577.700000       0.889202
     2577.800000       0.888998
     2577.900000       0.888792
     2578.000000       0.888583
     2578.100000       0.888372
     2578.200000       0.888158
     2578.300000       0.887942
     2578.400000       0.887723
     2578.500000       0.887502
     2578.600000       0.887278
     2578.700000       0.887052
     2578.800000       0.886823
     2578.900000       0.886592
     2579.000000       0.886358
     2579.100000       0.886122
     2579.200000       0.885883
     2579.300000       0.885642
     2579.400000       0.885398
     2579.500000       0.885152
     2579.600000       0.884903
     2579.700000       0.884652
     2579.800000       0.884399
     2579.900000       0.884143
     2580.000000       0.883884
     2580.100000       0.883623
     2580.200000       0.883359
     2580.300000       0.883093
     2580.400000       0.882824
     2580.500000       0.882552
     2580.600000       0.882278
     2580.700000       0.882000
     2580.800000       0.881720
     2580.900000       0.881436
     2581.000000       0.881149
     2581.100000       0.880860
     2581.200000       0.880566
     2581.300000       0.880270
     2581.400000       0.879970
     2581.500000       0.879667
     2581.600000       0.879360
     2581.700000       0.879049
     2581.800000       0.878735
     2581.900000       0.878417
     2582.000000       0.878095
     2582.100000       0.877769
     2582.200000       0.877439
     2582.300000       0.877105
     2582.400000       0.876767
     2582.500000       0.876425
     2582.600000       0.876079
     2582.700000       0.875728
     2582.800000       0.875373
     2582.900000       0.875013
     2583.000000       0.874649
     2583.100000       0.874280
     2583.200000       0.873906
     2583.300000       0.873528
     2583.400000       0.873145
     2583.500000       0.872757
     2583.600000       0.872364
     2583.700000       0.871966
     2583.800000       0.871562
     2583.900000       0.871154
     2584.000000       0.870740
     2584.100000       0.870321
     2584.200000       0.869897
     2584.300000       0.869468
     2584.400000       0.869034
     2584.500000       0.868596
     2584.600000       0.868153
     2584.700000       0.867706
     2584.800000       0.867255
     2584.900000       0.866801
     2585.000000       0.866342
     2585.100000       0.865881
     2585.200000       0.865415
     2585.300000       0.864947
     2585.400000       0.864476
     2585.500000       0.864002
     2585.600000       0.863526
     2585.700000       0.863047
     2585.800000       0.862566
     2585.900000       0.862083
     2586.000000       0.861598
     2586.100000       0.861112
     2586.200000       0.860624
     2586.300000       0.860135
     2586.400000       0.859645
     2586.500000       0.859153
     2586.600000       0.858661
     2586.700000       0.858169
     2586.800000       0.857676
     2586.900000       0.857183
     2587.000000       0.856690
     2587.100000       0.856197
     2587.200000       0.855705
     2587.300000       0.855213
     2587.400000       0.854722
     2587.500000       0.854231
     2587.600000       0.853742
     2587.700000       0.853254
     2587.800000       0.852768
     2587.900000       0.852283
     2588.000000       0.851800
     2588.100000       0.851319
     2588.200000       0.850840
     2588.300000       0.850363
     2588.400000       0.849887
     2588.500000       0.849413
     2588.600000       0.848940
     2588.700000       0.848469
     2588.800000       0.848000
     2588.900000       0.847531
     2589.000000       0.847064
     2589.100000       0.846598
     2589.200000       0.846133
     2589.300000       0.845668
     2589.400000       0.845205
     2589.500000       0.844742
     2589.600000       0.844279
     2589.700000       0.843818
     2589.800000       0.843356
     2589.900000       0.842896
     2590.000000       0.842435
     2590.100000       0.841974
     2590.200000       0.841514
     2590.300000       0.841053
     2590.400000       0.840592
     2590.500000       0.840132
     2590.600000       0.839670
     2590.700000       0.839209
     2590.800000       0.838747
     2590.900000       0.838284
     2591.000000       0.837821
     2591.100000       0.837357
     2591.200000       0.836892
     2591.300000       0.836426
     2591.400000       0.835959
     2591.500000       0.835491
     2591.600000       0.835022
     2591.700000       0.834551
     2591.800000       0.834079
     2591.900000       0.833606
     2592.000000       0.833131
     2592.100000       0.832654
     2592.200000       0.832176
     2592.300000       0.831695
     2592.400000       0.831214
     2592.500000       0.830730
     2592.600000       0.830245
     2592.700000       0.829758
     2592.800000       0.829269
     2592.900000       0.828779
     2593.000000       0.828287
     2593.100000       0.827793
     2593.200000       0.827298
     2593.300000       0.826800
     2593.400000       0.826301
     2593.500000       0.825801
     2593.600000       0.825298
     2593.700000       0.824794
     2593.800000       0.824288
     2593.900000       0.823781
     2594.000000       0.823271
     2594.100000       0.822760
     2594.200000       0.822248
     2594.300000       0.821733
     2594.400000       0.821217
     2594.500000       0.820699
     2594.600000       0.820179
     2594.700000       0.819657
     2594.800000       0.819134
     2594.900000       0.818609
     2595.000000       0.818082
     2595.100000       0.817553
     2595.200000       0.817023
     2595.300000       0.816491
     2595.400000       0.815957
     2595.500000       0.815421
     2595.600000       0.814884
     2595.700000       0.814345
     2595.800000       0.813804
     2595.900000       0.813261
     2596.000000       0.812716
     2596.100000       0.812170
     2596.200000       0.811622
     2596.300000       0.811072
     2596.400000       0.810521
     2596.500000       0.809968
     2596.600000       0.809415
     2596.700000       0.808860
     2596.800000       0.808305
     2596.900000       0.807749
     2597.000000       0.807192
     2597.100000       0.806635
     2597.200000       0.806077
     2597.300000       0.805519
     2597.400000       0.804961
     2597.500000       0.804404
     2597.600000       0.803846
     2597.700000       0.803289
     2597.800000       0.802732
     2597.900000       0.802177
     2598.000000       0.801621
     2598.100000       0.801067
     2598.200000       0.800514
     2598.300000       0.799962
     2598.400000       0.799412
     2598.500000       0.798863
     2598.600000       0.798316
     2598.700000       0.797770
     2598.800000       0.797226
     2598.900000       0.796685
     2599.000000       0.796145
     2599.100000       0.795609
     2599.200000       0.795074
     2599.300000       0.794542
     2599.400000       0.794013
     2599.500000       0.793487
     2599.600000       0.792964
     2599.700000       0.792444
     2599.800000       0.791927
     2599.900000       0.791414
     2600.000000       0.790905
     2600.100000       0.790399
     2600.200000       0.789897
     2600.300000       0.789399
     2600.400000       0.788904
     2600.500000       0.788413
     2600.600000       0.787925
     2600.700000       0.787440
     2600.800000       0.786958
     2600.900000       0.786479
     2601.000000       0.786003
     2601.100000       0.785528
     2601.200000       0.785057
     2601.300000       0.784587
     2601.400000       0.784119
     2601.500000       0.783653
     2601.600000       0.783188
     2601.700000       0.782725
     2601.800000       0.782263
     2601.900000       0.781803
     2602.000000       0.781343
     2602.100000       0.780884
     2602.200000       0.780426
     2602.300000       0.779968
     2602.400000       0.779510
     2602.500000       0.779053
     2602.600000       0.778595
     2602.700000       0.778138
     2602.800000       0.777679
     2602.900000       0.777221
     2603.000000       0.776761
     2603.100000       0.776301
     2603.200000       0.775840
     2603.300000       0.775378
     2603.400000       0.774914
     2603.500000       0.774449
     2603.600000       0.773982
     2603.700000       0.773513
     2603.800000       0.773042
     2603.900000       0.772569
     2604.000000       0.772094
     2604.100000       0.771616
     2604.200000       0.771135
     2604.300000       0.770652
     2604.400000       0.770166
     2604.500000       0.769679
     2604.600000       0.769190
     2604.700000       0.768700
     2604.800000       0.768209
     2604.900000       0.767717
     2605.000000       0.767225
     2605.100000       0.766734
     2605.200000       0.766243
     2605.300000       0.765753
     2605.400000       0.765264
     2605.500000       0.764777
     2605.600000       0.764293
     2605.700000       0.763810
     2605.800000       0.763330
     2605.900000       0.762854
     2606.000000       0.762381
     2606.100000       0.761911
     2606.200000       0.761446
     2606.300000       0.760986
     2606.400000       0.760530
     2606.500000       0.760080
     2606.600000       0.759635
     2606.700000       0.759197
     2606.800000       0.758764
     2606.900000       0.758339
     2607.000000       0.757921
     2607.100000       0.757510
     2607.200000       0.757107
     2607.300000       0.756712
     2607.400000       0.756326
     2607.500000       0.755948
     2607.600000       0.755580
     2607.700000       0.755222
     2607.800000       0.754873
     2607.900000       0.754535
     2608.000000       0.754208
     2608.100000       0.753891
     2608.200000       0.753587
     2608.300000       0.753293
     2608.400000       0.753012
     2608.500000       0.752742
     2608.600000       0.752483
     2608.700000       0.752235
     2608.800000       0.751996
     2608.900000       0.751768
     2609.000000       0.751548
     2609.100000       0.751338
     2609.200000       0.751136
     2609.300000       0.750943
     2609.400000       0.750757
     2609.500000       0.750579
     2609.600000       0.750407
     2609.700000       0.750243
     2609.800000       0.750084
     2609.900000       0.749931
     2610.000000       0.749784
     2610.100000       0.749641
     2610.200000       0.749504
     2610.300000       0.749370
     2610.400000       0.749240
     2610.500000       0.749114
     2610.600000       0.748991
     2610.700000       0.748870
     2610.800000       0.748752
     2610.900000       0.748635
     2611.000000       0.748520
     2611.100000       0.748406
     2611.200000       0.748293
     2611.300000       0.748179
     2611.400000       0.748066
     2611.500000       0.747952
     2611.600000       0.747838
     2611.700000       0.747721
     2611.800000       0.747604
     2611.900000       0.747484
     2612.000000       0.747361
     2612.100000       0.747236
     2612.200000       0.747107
     2612.300000       0.746975
     2612.400000       0.746839
     2612.500000       0.746698
     2612.600000       0.746554
     2612.700000       0.746407
     2612.800000       0.746256
     2612.900000       0.746102
     2613.000000       0.745945
     2613.100000       0.745787
     2613.200000       0.745625
     2613.300000       0.745462
     2613.400000       0.745297
     2613.500000       0.745131
     2613.600000       0.744964
     2613.700000       0.744796
     2613.800000       0.744628
     2613.900000       0.744459
     2614.000000       0.744290
     2614.100000       0.744121
     2614.200000       0.743953
     2614.300000       0.743785
     2614.400000       0.743618
     2614.500000       0.743453
     2614.600000       0.743289
     2614.700000       0.743127
     2614.800000       0.742968
     2614.900000       0.742810
     2615.000000       0.742655
     2615.100000       0.742503
     2615.200000       0.742354
     2615.300000       0.742208
     2615.400000       0.742066
     2615.500000       0.741928
     2615.600000       0.741794
     2615.700000       0.741665
     2615.800000       0.741540
     2615.900000       0.741420
     2616.000000       0.741306
     2616.100000       0.741197
     2616.200000       0.741093
     2616.300000       0.740996
     2616.400000       0.740905
     2616.500000       0.740821
     2616.600000       0.740743
     2616.700000       0.740671
     2616.800000       0.740605
     2616.900000       0.740545
     2617.000000       0.740491
     2617.100000       0.740441
     2617.200000       0.740397
     2617.300000       0.740358
     2617.400000       0.740323
     2617.500000       0.740292
     2617.600000       0.740266
     2617.700000       0.740243
     2617.800000       0.740224
     2617.900000       0.740208
     2618.000000       0.740195
     2618.100000       0.740185
     2618.200000       0.740177
     2618.300000       0.740172
     2618.400000       0.740169
     2618.500000       0.740168
     2618.600000       0.740168
     2618.700000       0.740170
     2618.800000       0.740173
     2618.900000       0.740176
     2619.000000       0.740181
     2619.100000       0.740186
     2619.200000       0.740190
     2619.300000       0.740195
     2619.400000       0.740200
     2619.500000       0.740203
     2619.600000       0.740206
     2619.700000       0.740208
     2619.800000       0.740209
     2619.900000       0.740208
     2620.000000       0.740205
     2620.100000       0.740201
     2620.200000       0.740194
     2620.300000       0.740184
     2620.400000       0.740172
     2620.500000       0.740156
     2620.600000       0.740138
     2620.700000       0.740116
     2620.800000       0.740090
     2620.900000       0.740061
     2621.000000       0.740029
     2621.100000       0.739994
     2621.200000       0.739955
     2621.300000       0.739912
     2621.400000       0.739866
     2621.500000       0.739817
     2621.600000       0.739765
     2621.700000       0.739709
     2621.800000       0.739650
     2621.900000       0.739587
     2622.000000       0.739521
     2622.100000       0.739451
     2622.200000       0.739378
     2622.300000       0.739302
     2622.400000       0.739222
     2622.500000       0.739139
     2622.600000       0.739052
     2622.700000       0.738962
     2622.800000       0.738868
     2622.900000       0.738771
     2623.000000       0.738671
     2623.100000       0.738567
     2623.200000       0.738460
     2623.300000       0.738349
     2623.400000       0.738235
     2623.500000       0.738117
     2623.600000       0.737996
     2623.700000       0.737871
     2623.800000       0.737743
     2623.900000       0.737612
     2624.000000       0.737477
     2624.100000       0.737339
     2624.200000       0.737197
     2624.300000       0.737051
     2624.400000       0.736902
     2624.500000       0.736750
     2624.600000       0.736594
     2624.700000       0.736435
     2624.800000       0.736272
     2624.900000       0.736106
     2625.000000       0.735936
     2625.100000       0.735764
     2625.200000       0.735587
     2625.300000       0.735408
     2625.400000       0.735225
     2625.500000       0.735039
     2625.600000       0.734850
     2625.700000       0.734658
     2625.800000       0.734463
     2625.900000       0.734264
     2626.000000       0.734063
     2626.100000       0.733859
     2626.200000       0.733652
     2626.300000       0.733442
     2626.400000       0.733230
     2626.500000       0.733014
     2626.600000       0.732796
     2626.700000       0.732576
     2626.800000       0.732352
     2626.900000       0.732126
     2627.000000       0.731898
     2627.100000       0.731667
     2627.200000       0.731433
     2627.300000       0.731197
     2627.400000       0.730959
     2627.500000       0.730718
     2627.600000       0.730475
     2627.700000       0.730230
     2627.800000       0.729983
     2627.900000       0.729733
     2628.000000       0.729482
     2628.100000       0.729228
     2628.200000       0.728972
     2628.300000       0.728714
     2628.400000       0.728454
     2628.500000       0.728193
     2628.600000       0.727929
     2628.700000       0.727664
     2628.800000       0.727397
     2628.900000       0.727128
     2629.000000       0.726857
     2629.100000       0.726584
     2629.200000       0.726310
     2629.300000       0.726033
     2629.400000       0.725753
     2629.500000       0.725472
     2629.600000       0.725188
     2629.700000       0.724901
     2629.800000       0.724612
     2629.900000       0.724321
     2630.000000       0.724026
     2630.100000       0.723728
     2630.200000       0.723427
     2630.300000       0.723123
     2630.400000       0.722816
     2630.500000       0.722505
     2630.600000       0.722191
     2630.700000       0.721873
     2630.800000       0.721552
     2630.900000       0.721226
     2631.000000       0.720897
     2631.100000       0.720564
     2631.200000       0.720227
     2631.300000       0.719885
     2631.400000       0.719539
     2631.500000       0.719189
     2631.600000       0.718834
     2631.700000       0.718475
     2631.800000       0.718111
     2631.900000       0.717742
     2632.000000       0.717368
     2632.100000       0.716989
     2632.200000       0.716605
     2632.300000       0.716215
     2632.400000       0.715821
     2632.500000       0.715420
     2632.600000       0.715015
     2632.700000       0.714603
     2632.800000       0.714186
     2632.900000       0.713763
     2633.000000       0.713334
     2633.100000       0.712899
     2633.200000       0.712458
     2633.300000       0.712011
     2633.400000       0.711559
     2633.500000       0.711101
     2633.600000       0.710638
     2633.700000       0.710170
     2633.800000       0.709696
     2633.900000       0.709218
     2634.000000       0.708734
     2634.100000       0.708246
     2634.200000       0.707754
     2634.300000       0.707257
     2634.400000       0.706755
     2634.500000       0.706249
     2634.600000       0.705740
     2634.700000       0.705226
     2634.800000       0.704708
     2634.900000       0.704187
     2635.000000       0.703662
     2635.100000       0.703134
     2635.200000       0.702603
     2635.300000       0.702068
     2635.400000       0.701530
     2635.500000       0.700989
     2635.600000       0.700446
     2635.700000       0.699899
     2635.800000       0.699350
     2635.900000       0.698799
     2636.000000       0.698246
     2636.100000       0.697690
     2636.200000       0.697132
     2636.300000       0.696573
     2636.400000       0.696011
     2636.500000       0.695448
     2636.600000       0.694883
     2636.700000       0.694317
     2636.800000       0.693750
     2636.900000       0.693181
     2637.000000       0.692612
     2637.100000       0.692041
     2637.200000       0.691470
     2637.300000       0.690898
     2637.400000       0.690324
     2637.500000       0.689747
     2637.600000       0.689168
     2637.700000       0.688586
     2637.800000       0.687999
     2637.900000       0.687408
     2638.000000       0.686812
     2638.100000       0.686210
     2638.200000       0.685602
     2638.300000       0.684987
     2638.400000       0.684365
     2638.500000       0.683735
     2638.600000       0.683096
     2638.700000       0.682448
     2638.800000       0.681790
     2638.900000       0.681123
     2639.000000       0.680444
     2639.100000       0.679754
     2639.200000       0.679052
     2639.300000       0.678338
     2639.400000       0.677611
     2639.500000       0.676869
     2639.600000       0.676114
     2639.700000       0.675344
     2639.800000       0.674558
     2639.900000       0.673757
     2640.000000       0.672939
     2640.100000       0.672104
     2640.200000       0.671251
     2640.300000       0.670381
     2640.400000       0.669491
     2640.500000       0.668582
     2640.600000       0.667653
     2640.700000       0.666704
     2640.800000       0.665733
     2640.900000       0.664741
     2641.000000       0.663727
     2641.100000       0.662690
     2641.200000       0.661629
     2641.300000       0.660545
     2641.400000       0.659436
     2641.500000       0.658302
     2641.600000       0.657142
     2641.700000       0.655954
     2641.800000       0.654739
     2641.900000       0.653495
     2642.000000       0.652222
     2642.100000       0.650917
     2642.200000       0.649582
     2642.300000       0.648214
     2642.400000       0.646813
     2642.500000       0.645378
     2642.600000       0.643908
     2642.700000       0.642403
     2642.800000       0.640861
     2642.900000       0.639281
     2643.000000       0.637663
     2643.100000       0.636006
     2643.200000       0.634309
     2643.300000       0.632571
     2643.400000       0.630792
     2643.500000       0.628969
     2643.600000       0.627103
     2643.700000       0.625193
     2643.800000       0.623237
     2643.900000       0.621236
     2644.000000       0.619187
     2644.100000       0.617091
     2644.200000       0.614946
     2644.300000       0.612751
     2644.400000       0.610506
     2644.500000       0.608209
     2644.600000       0.605860
     2644.700000       0.603459
     2644.800000       0.601003
     2644.900000       0.598492
     2645.000000       0.595926
     2645.100000       0.593304
     2645.200000       0.590624
     2645.300000       0.587885
     2645.400000       0.585088
     2645.500000       0.582231
     2645.600000       0.579313
     2645.700000       0.576335
     2645.800000       0.573299
     2645.900000       0.570206
     2646.000000       0.567056
     2646.100000       0.563851
     2646.200000       0.560593
     2646.300000       0.557282
     2646.400000       0.553920
     2646.500000       0.550508
     2646.600000       0.547047
     2646.700000       0.543538
     2646.800000       0.539983
     2646.900000       0.536382
     2647.000000       0.532737
     2647.100000       0.529049
     2647.200000       0.525319
     2647.300000       0.521549
     2647.400000       0.517739
     2647.500000       0.513892
     2647.600000       0.510007
     2647.700000       0.506086
     2647.800000       0.502131
     2647.900000       0.498143
     2648.000000       0.494122
     2648.100000       0.490071
     2648.200000       0.485989
     2648.300000       0.481879
     2648.400000       0.477742
     2648.500000       0.473578
     2648.600000       0.469390
     2648.700000       0.465177
     2648.800000       0.460942
     2648.900000       0.456686
     2649.000000       0.452409
     2649.100000       0.448114
     2649.200000       0.443800
     2649.300000       0.439470
     2649.400000       0.435125
     2649.500000       0.430765
     2649.600000       0.426393
     2649.700000       0.422008
     2649.800000       0.417613
     2649.900000       0.413208
     2650.000000       0.408796
     2650.100000       0.404376
     2650.200000       0.399951
     2650.300000       0.395521
     2650.400000       0.391088
     2650.500000       0.386653
     2650.600000       0.382217
     2650.700000       0.377781
     2650.800000       0.373347
     2650.900000       0.368916
     2651.000000       0.364489
     2651.100000       0.360067
     2651.200000       0.355652
     2651.300000       0.351245
     2651.400000       0.346847
     2651.500000       0.342459
     2651.600000       0.338082
     2651.700000       0.333718
     2651.800000       0.329368
     2651.900000       0.325033
     2652.000000       0.320715
     2652.100000       0.316414
     2652.200000       0.312132
     2652.300000       0.307870
     2652.400000       0.303630
     2652.500000       0.299412
     2652.600000       0.295217
     2652.700000       0.291048
     2652.800000       0.286905
     2652.900000       0.282789
     2653.000000       0.278702
     2653.100000       0.274645
     2653.200000       0.270618
     2653.300000       0.266625
     2653.400000       0.262665
     2653.500000       0.258739
     2653.600000       0.254850
     2653.700000       0.250998
     2653.800000       0.247184
     2653.900000       0.243410
     2654.000000       0.239677
     2654.100000       0.235985
     2654.200000       0.232334
     2654.300000       0.228724
     2654.400000       0.225155
     2654.500000       0.221626
     2654.600000       0.218138
     2654.700000       0.214690
     2654.800000       0.211282
     2654.900000       0.207914
     2655.000000       0.204587
     2655.100000       0.201298
     2655.200000       0.198050
     2655.300000       0.194841
     2655.400000       0.191671
     2655.500000       0.188541
     2655.600000       0.185449
     2655.700000       0.182396
     2655.800000       0.179383
     2655.900000       0.176407
     2656.000000       0.173470
     2656.100000       0.170572
     2656.200000       0.167711
     2656.300000       0.164889
     2656.400000       0.162105
     2656.500000       0.159358
     2656.600000       0.156648
     2656.700000       0.153977
     2656.800000       0.151342
     2656.900000       0.148745
     2657.000000       0.146185
     2657.100000       0.143661
     2657.200000       0.141175
     2657.300000       0.138725
     2657.400000       0.136311
     2657.500000       0.133934
     2657.600000       0.131593
     2657.700000       0.129287
     2657.800000       0.127018
     2657.900000       0.124785
     2658.000000       0.122587
     2658.100000       0.120424
     2658.200000       0.118297
     2658.300000       0.116204
     2658.400000       0.114147
     2658.500000       0.112124
     2658.600000       0.110134
     2658.700000       0.108178
     2658.800000       0.106255
     2658.900000       0.104364
     2659.000000       0.102505
     2659.100000       0.100679
     2659.200000       0.098884
     2659.300000       0.097119
     2659.400000       0.095385
     2659.500000       0.093681
     2659.600000       0.092007
     2659.700000       0.090363
     2659.800000       0.088747
     2659.900000       0.087159
     2660.000000       0.085600
     2660.100000       0.084068
     2660.200000       0.082564
     2660.300000       0.081086
     2660.400000       0.079635
     2660.500000       0.078209
     2660.600000       0.076809
     2660.700000       0.075435
     2660.800000       0.074085
     2660.900000       0.072760
     2661.000000       0.071458
     2661.100000       0.070180
     2661.200000       0.068925
     2661.300000       0.067693
     2661.400000       0.066483
     2661.500000       0.065295
     2661.600000       0.064129
     2661.700000       0.062983
     2661.800000       0.061859
     2661.900000       0.060754
     2662.000000       0.059669
     2662.100000       0.058604
     2662.200000       0.057558
     2662.300000       0.056530
     2662.400000       0.055520
     2662.500000       0.054529
     2662.600000       0.053554
     2662.700000       0.052597
     2662.800000       0.051658
     2662.900000       0.050735
     2663.000000       0.049828
     2663.100000       0.048939
     2663.200000       0.048065
     2663.300000       0.047207
     2663.400000       0.046366
     2663.500000       0.045540
     2663.600000       0.044729
     2663.700000       0.043933
     2663.800000       0.043152
     2663.900000       0.042386
     2664.000000       0.041635
     2664.100000       0.040898
     2664.200000       0.040174
     2664.300000       0.039465
     2664.400000       0.038769
     2664.500000       0.038087
     2664.600000       0.037418
     2664.700000       0.036762
     2664.800000       0.036118
     2664.900000       0.035487
     2665.000000       0.034869
     2665.100000       0.034262
     2665.200000       0.033668
     2665.300000       0.033085
     2665.400000       0.032513
     2665.500000       0.031953
     2665.600000       0.031404
     2665.700000       0.030866
     2665.800000       0.030338
     2665.900000       0.029820
     2666.000000       0.029313
     2666.100000       0.028816
     2666.200000       0.028328
     2666.300000       0.027850
     2666.400000       0.027381
     2666.500000       0.026921
     2666.600000       0.026470
     2666.700000       0.026028
     2666.800000       0.025594
     2666.900000       0.025168
     2667.000000       0.024751
     2667.100000       0.024341
     2667.200000       0.023940
     2667.300000       0.023546
     2667.400000       0.023160
     2667.500000       0.022781
     2667.600000       0.022410
     2667.700000       0.022046
     2667.800000       0.021689
     2667.900000       0.021339
     2668.000000       0.020996
     2668.100000       0.020660
     2668.200000       0.020330
     2668.300000       0.020007
     2668.400000       0.019690
     2668.500000       0.019379
     2668.600000       0.019074
     2668.700000       0.018776
     2668.800000       0.018483
     2668.900000       0.018195
     2669.000000       0.017913
     2669.100000       0.017637
     2669.200000       0.017366
     2669.300000       0.017100
     2669.400000       0.016839
     2669.500000       0.016582
     2669.600000       0.016331
     2669.700000       0.016084
     2669.800000       0.015842
     2669.900000       0.015604
     2670.000000       0.015370
     2670.100000       0.015140
     2670.200000       0.014914
     2670.300000       0.014692
     2670.400000       0.014473
     2670.500000       0.014259
     2670.600000       0.014047
     2670.700000       0.013839
     2670.800000       0.013634
     2670.900000       0.013432
     2671.000000       0.013233
     2671.100000       0.013036
     2671.200000       0.012843
     2671.300000       0.012652
     2671.400000       0.012464
     2671.500000       0.012278
     2671.600000       0.012095
     2671.700000       0.011915
     2671.800000       0.011738
     2671.900000       0.011562
     2672.000000       0.011390
     2672.100000       0.011220
     2672.200000       0.011052
     2672.300000       0.010887
     2672.400000       0.010724
     2672.500000       0.010563
     2672.600000       0.010405
     2672.700000       0.010249
     2672.800000       0.010095
     2672.900000       0.009944
     2673.000000       0.009794
     2673.100000       0.009647
     2673.200000       0.009502
     2673.300000       0.009359
     2673.400000       0.009218
     2673.500000       0.009079
     2673.600000       0.008942
     2673.700000       0.008807
     2673.800000       0.008673
     2673.900000       0.008542
     2674.000000       0.008413
     2674.100000       0.008285
     2674.200000       0.008159
     2674.300000       0.008035
     2674.400000       0.007913
     2674.500000       0.007792
     2674.600000       0.007673
     2674.700000       0.007555
     2674.800000       0.007439
     2674.900000       0.007325
     2675.000000       0.007212
     2675.100000       0.007101
     2675.200000       0.006991
     2675.300000       0.006882
     2675.400000       0.006775
     2675.500000       0.006670
     2675.600000       0.006565
     2675.700000       0.006462
     2675.800000       0.006361
     2675.900000       0.006261
     2676.000000       0.006162
     2676.100000       0.006065
     2676.200000       0.005969
     2676.300000       0.005875
     2676.400000       0.005782
     2676.500000       0.005690
     2676.600000       0.005600
     2676.700000       0.005512
     2676.800000       0.005424
     2676.900000       0.005339
     2677.000000       0.005254
     2677.100000       0.005171
     2677.200000       0.005090
     2677.300000       0.005010
     2677.400000       0.004931
     2677.500000       0.004854
     2677.600000       0.004779
     2677.700000       0.004704
     2677.800000       0.004632
     2677.900000       0.004560
     2678.000000       0.004491
     2678.100000       0.004422
     2678.200000       0.004355
     2678.300000       0.004290
     2678.400000       0.004226
     2678.500000       0.004164
     2678.600000       0.004103
     2678.700000       0.004043
     2678.800000       0.003985
     2678.900000       0.003929
     2679.000000       0.003873
     2679.100000       0.003820
     2679.200000       0.003768
     2679.300000       0.003717
     2679.400000       0.003668
     2679.500000       0.003620
     2679.600000       0.003574
     2679.700000       0.003530
     2679.800000       0.003487
     2679.900000       0.003445
     2680.000000       0.003404
     2680.100000       0.003365
     2680.200000       0.003327
     2680.300000       0.003290
     2680.400000       0.003255
     2680.500000       0.003220
     2680.600000       0.003187
     2680.700000       0.003154
     2680.800000       0.003123
     2680.900000       0.003092
     2681.000000       0.003062
     2681.100000       0.003034
     2681.200000       0.003006
     2681.300000       0.002978
     2681.400000       0.002952
     2681.500000       0.002926
     2681.600000       0.002901
     2681.700000       0.002876
     2681.800000       0.002852
     2681.900000       0.002828
     2682.000000       0.002805
     2682.100000       0.002782
     2682.200000       0.002759
     2682.300000       0.002737
     2682.400000       0.002715
     2682.500000       0.002693
     2682.600000       0.002672
     2682.700000       0.002650
     2682.800000       0.002629
     2682.900000       0.002608
     2683.000000       0.002586
     2683.100000       0.002565
     2683.200000       0.002543
     2683.300000       0.002522
     2683.400000       0.002500
     2683.500000       0.002478
     2683.600000       0.002455
     2683.700000       0.002433
     2683.800000       0.002410
     2683.900000       0.002386
     2684.000000       0.002362
     2684.100000       0.002338
     2684.200000       0.002313
     2684.300000       0.002288
     2684.400000       0.002263
     2684.500000       0.002237
     2684.600000       0.002212
     2684.700000       0.002186
     2684.800000       0.002160
     2684.900000       0.002133
     2685.000000       0.002107
     2685.100000       0.002080
     2685.200000       0.002054
     2685.300000       0.002027
     2685.400000       0.002001
     2685.500000       0.001974
     2685.600000       0.001948
     2685.700000       0.001921
     2685.800000       0.001895
     2685.900000       0.001869
     2686.000000       0.001843
     2686.100000       0.001817
     2686.200000       0.001792
     2686.300000       0.001767
     2686.400000       0.001742
     2686.500000       0.001717
     2686.600000       0.001693
     2686.700000       0.001669
     2686.800000       0.001646
     2686.900000       0.001623
     2687.000000       0.001601
     2687.100000       0.001351
     2687.200000       0.001338
     2687.300000       0.001326
     2687.400000       0.001315
     2687.500000       0.001304
     2687.600000       0.001294
     2687.700000       0.001284
     2687.800000       0.001274
     2687.900000       0.001265
     2688.000000       0.001257
     2688.100000       0.001249
     2688.200000       0.001242
     2688.300000       0.001235
     2688.400000       0.001229
     2688.500000       0.001223
     2688.600000       0.001218
     2688.700000       0.001213
     2688.800000       0.001209
     2688.900000       0.001205
     2689.000000       0.001202
     2689.100000       0.001199
     2689.200000       0.001196
     2689.300000       0.001194
     2689.400000       0.001192
     2689.500000       0.001190
     2689.600000       0.001189
     2689.700000       0.001188
     2689.800000       0.001187
     2689.900000       0.001187
     2690.000000       0.001187
     2690.100000       0.001187
     2690.200000       0.001187
     2690.300000       0.001187
     2690.400000       0.001187
     2690.500000       0.001188
     2690.600000       0.001189
     2690.700000       0.001190
     2690.800000       0.001191
     2690.900000       0.001191
     2691.000000       0.001192
     2691.100000       0.001193
     2691.200000       0.001194
     2691.300000       0.001195
     2691.400000       0.001196
     2691.500000       0.001197
     2691.600000       0.001198
     2691.700000       0.001199
     2691.800000       0.001199
     2691.900000       0.001200
     2692.000000       0.001200
     2692.100000       0.001200
     2692.200000       0.001200
     2692.300000       0.001200
     2692.400000       0.001199
     2692.500000       0.001199
     2692.600000       0.001198
     2692.700000       0.001196
     2692.800000       0.001195
     2692.900000       0.001193
     2693.000000       0.001191
     2693.100000       0.001189
     2693.200000       0.001186
     2693.300000       0.001183
     2693.400000       0.001180
     2693.500000       0.001177
     2693.600000       0.001174
     2693.700000       0.001171
     2693.800000       0.001167
     2693.900000       0.001163
     2694.000000       0.001159
     2694.100000       0.001155
     2694.200000       0.001151
     2694.300000       0.001147
     2694.400000       0.001142
     2694.500000       0.001137
     2694.600000       0.001133
     2694.700000       0.001128
     2694.800000       0.001123
     2694.900000       0.001118
     2695.000000       0.001113
     2695.100000       0.000854
     2695.200000       0.000857
     2695.300000       0.000861
     2695.400000       0.000865
     2695.500000       0.000868
     2695.600000       0.000872
     2695.700000       0.000875
     2695.800000       0.000878
     2695.900000       0.000881
     2696.000000       0.000884
     2696.100000       0.000886
     2696.200000       0.000889
     2696.300000       0.000891
     2696.400000       0.000893
     2696.500000       0.000894
     2696.600000       0.000896
     2696.700000       0.000897
     2696.800000       0.000898
     2696.900000       0.000898
     2697.000000       0.000899
     2697.100000       0.000899
     2697.200000       0.000899
     2697.300000       0.000898
     2697.400000       0.000898
     2697.500000       0.000897
     2697.600000       0.000896
     2697.700000       0.000894
     2697.800000       0.000893
     2697.900000       0.000891
     2698.000000       0.000889
     2698.100000       0.000887
     2698.200000       0.000884
     2698.300000       0.000882
     2698.400000       0.000879
     2698.500000       0.000876
     2698.600000       0.000873
     2698.700000       0.000870
     2698.800000       0.000867
     2698.900000       0.000864
     2699.000000       0.000860
     2699.100000       0.000857
     2699.200000       0.000853
     2699.300000       0.000849
     2699.400000       0.000845
     2699.500000       0.000841
     2699.600000       0.000837
     2699.700000       0.000833
     2699.800000       0.000829
     2699.900000       0.000825
     2700.000000       0.000821
     2700.100000       0.000817
     2700.200000       0.000812
     2700.300000       0.000808
     2700.400000       0.000804
     2700.500000       0.000800
     2700.600000       0.000795
     2700.700000       0.000791
     2700.800000       0.000787
     2700.900000       0.000783
     2701.000000       0.000779
     2701.100000       0.000775
     2701.200000       0.000771
     2701.300000       0.000767
     2701.400000       0.000764
     2701.500000       0.000760
     2701.600000       0.000756
     2701.700000       0.000753
     2701.800000       0.000749
     2701.900000       0.000746
     2702.000000       0.000743
     2702.100000       0.000739
     2702.200000       0.000736
     2702.300000       0.000733
     2702.400000       0.000730
     2702.500000       0.000727
     2702.600000       0.000723
     2702.700000       0.000720
     2702.800000       0.000717
     2702.900000       0.000715
     2703.000000       0.000712
     2703.100000       0.000709
     2703.200000       0.000706
     2703.300000       0.000703
     2703.400000       0.000700
     2703.500000       0.000697
     2703.600000       0.000695
     2703.700000       0.000692
     2703.800000       0.000689
     2703.900000       0.000686
     2704.000000       0.000684
     2704.100000       0.000681
     2704.200000       0.000678
     2704.300000       0.000675
     2704.400000       0.000672
     2704.500000       0.000670
     2704.600000       0.000667
     2704.700000       0.000664
     2704.800000       0.000661
     2704.900000       0.000658
     2705.000000       0.000655
     2705.100000       0.000652
     2705.200000       0.000649
     2705.300000       0.000646
     2705.400000       0.000643
     2705.500000       0.000640
     2705.600000       0.000637
     2705.700000       0.000634
     2705.800000       0.000631
     2705.900000       0.000627
     2706.000000       0.000624
     2706.100000       0.000621
     2706.200000       0.000617
     2706.300000       0.000614
     2706.400000       0.000610
     2706.500000       0.000607
     2706.600000       0.000603
     2706.700000       0.000600
     2706.800000       0.000597
     2706.900000       0.000593
     2707.000000       0.000590
     2707.100000       0.000586
     2707.200000       0.000583
     2707.300000       0.000579
     2707.400000       0.000576
     2707.500000       0.000572
     2707.600000       0.000569
     2707.700000       0.000566
     2707.800000       0.000563
     2707.900000       0.000559
     2708.000000       0.000556
     2708.100000       0.000553
     2708.200000       0.000550
     2708.300000       0.000547
     2708.400000       0.000544
     2708.500000       0.000541
     2708.600000       0.000538
     2708.700000       0.000535
     2708.800000       0.000533
     2708.900000       0.000530
     2709.000000       0.000528
     2709.100000       0.000265
     2709.200000       0.000264
     2709.300000       0.000263
     2709.400000       0.000263
     2709.500000       0.000262
     2709.600000       0.000261
     2709.700000       0.000260
     2709.800000       0.000259
     2709.900000       0.000258
     2710.000000       0.000257
