   1  ,noaa_10_hirs_01.flt
Number of data points:
52
Wavenumber (cm-1)   Filter response
      644.990000       0.000000
      649.540000       0.013167
      651.460000       0.001747
      652.760000       0.003854
      654.230000       0.006149
      655.700000       0.005717
      657.070000       0.008256
      658.430000       0.009276
      659.410000       0.012870
      660.200000       0.015534
      661.280000       0.030306
      662.040000       0.046568
      662.580000       0.067863
      663.230000       0.088611
      663.560000       0.110090
      664.130000       0.156400
      664.440000       0.186830
      664.670000       0.225240
      664.950000       0.275970
      665.280000       0.319460
      665.470000       0.356810
      665.740000       0.439990
      666.120000       0.556670
      666.450000       0.650050
      666.780000       0.764500
      667.060000       0.870500
      667.330000       0.951390
      667.430000       0.972700
      667.660000       1.000000
      667.850000       0.992040
      667.990000       0.982360
      668.160000       0.955700
      668.300000       0.893400
      668.580000       0.820940
      668.970000       0.715970
      669.300000       0.626810
      669.530000       0.504600
      669.900000       0.419370
      670.060000       0.362760
      670.280000       0.308580
      670.530000       0.269840
      671.320000       0.195390
      671.830000       0.125490
      672.550000       0.074305
      673.580000       0.047186
      674.820000       0.029377
      675.340000       0.023987
      675.610000       0.027361
      676.600000       0.020227
      677.730000       0.015284
      679.220000       0.004287
      679.990000       0.000000
