  19  ,noaa_09_hirs_19.flt
Number of data points:
65
Wavenumber (cm-1)   Filter response
     2501.400000       0.000000
     2518.200000       0.001248
     2539.000000       0.005495
     2553.100000       0.008261
     2560.400000       0.009217
     2564.400000       0.016369
     2570.600000       0.027163
     2576.400000       0.041408
     2582.300000       0.064547
     2588.000000       0.097344
     2593.000000       0.141250
     2597.300000       0.183730
     2601.600000       0.249660
     2605.400000       0.329350
     2608.800000       0.409300
     2613.600000       0.513470
     2615.800000       0.579970
     2620.100000       0.652700
     2622.300000       0.679680
     2624.500000       0.708430
     2627.600000       0.745890
     2629.800000       0.771980
     2633.000000       0.790760
     2636.000000       0.805910
     2637.800000       0.817210
     2640.500000       0.824940
     2642.200000       0.833350
     2646.000000       0.837560
     2649.800000       0.839300
     2653.100000       0.830830
     2655.800000       0.820650
     2660.600000       0.932990
     2666.000000       0.903020
     2670.700000       0.880950
     2674.700000       0.862380
     2677.900000       0.862090
     2681.100000       0.870820
     2684.600000       0.887140
     2687.600000       0.907570
     2691.100000       0.938600
     2694.800000       0.970630
     2696.400000       0.991700
     2698.400000       1.000000
     2700.400000       0.995220
     2702.200000       0.967830
     2704.200000       0.934270
     2705.500000       0.895380
     2707.800000       0.815010
     2710.000000       0.736650
     2711.500000       0.622010
     2714.100000       0.487490
     2715.200000       0.414610
     2719.900000       0.281800
     2721.800000       0.221190
     2723.900000       0.176550
     2726.700000       0.141040
     2729.200000       0.112640
     2731.500000       0.087669
     2734.700000       0.064513
     2739.900000       0.042549
     2746.700000       0.026845
     2756.600000       0.012495
     2775.600000       0.007680
     2790.700000       0.001864
     2802.000000       0.000000
