15 , goes_12_sounder_15.flt
Number of data points:
454
Wavenumber (cm-1)   Filter response
     2225.800000       0.010325
     2225.900000       0.011012
     2226.000000       0.011543
     2226.100000       0.012023
     2226.200000       0.012450
     2226.300000       0.012894
     2226.400000       0.013406
     2226.500000       0.013986
     2226.600000       0.014618
     2226.700000       0.015336
     2226.800000       0.016089
     2226.900000       0.016913
     2227.000000       0.017826
     2227.100000       0.018828
     2227.200000       0.019939
     2227.300000       0.021123
     2227.400000       0.022310
     2227.500000       0.023572
     2227.600000       0.024855
     2227.700000       0.026177
     2227.800000       0.027557
     2227.900000       0.029081
     2228.000000       0.030450
     2228.100000       0.032052
     2228.200000       0.033855
     2228.300000       0.036003
     2228.400000       0.038460
     2228.500000       0.041083
     2228.600000       0.043479
     2228.700000       0.046132
     2228.800000       0.048775
     2228.900000       0.051318
     2229.000000       0.053815
     2229.100000       0.056032
     2229.200000       0.058475
     2229.300000       0.060927
     2229.400000       0.063441
     2229.500000       0.066000
     2229.600000       0.068583
     2229.700000       0.071154
     2229.800000       0.073875
     2229.900000       0.076711
     2230.000000       0.079675
     2230.100000       0.082735
     2230.200000       0.085926
     2230.300000       0.088898
     2230.400000       0.092350
     2230.500000       0.096025
     2230.600000       0.100200
     2230.700000       0.104305
     2230.800000       0.108652
     2230.900000       0.112947
     2231.000000       0.117852
     2231.100000       0.123091
     2231.200000       0.128607
     2231.300000       0.134048
     2231.400000       0.139194
     2231.500000       0.143987
     2231.600000       0.148574
     2231.700000       0.153158
     2231.800000       0.157851
     2231.900000       0.162894
     2232.000000       0.168069
     2232.100000       0.173819
     2232.200000       0.179888
     2232.300000       0.186296
     2232.400000       0.193414
     2232.500000       0.200207
     2232.600000       0.206878
     2232.700000       0.213615
     2232.800000       0.220288
     2232.900000       0.227048
     2233.000000       0.234059
     2233.100000       0.241431
     2233.200000       0.249350
     2233.300000       0.257999
     2233.400000       0.266707
     2233.500000       0.275639
     2233.600000       0.284622
     2233.700000       0.293411
     2233.800000       0.302023
     2233.900000       0.310047
     2234.000000       0.317777
     2234.100000       0.325890
     2234.200000       0.335506
     2234.300000       0.345168
     2234.400000       0.354932
     2234.500000       0.364609
     2234.600000       0.373961
     2234.700000       0.383025
     2234.800000       0.391261
     2234.900000       0.399494
     2235.000000       0.407222
     2235.100000       0.414800
     2235.200000       0.423181
     2235.300000       0.433453
     2235.400000       0.445823
     2235.500000       0.463164
     2235.600000       0.475430
     2235.700000       0.482259
     2235.800000       0.489593
     2235.900000       0.499040
     2236.000000       0.511530
     2236.100000       0.525570
     2236.200000       0.536322
     2236.300000       0.544308
     2236.400000       0.553077
     2236.500000       0.562480
     2236.600000       0.575223
     2236.700000       0.590097
     2236.800000       0.599307
     2236.900000       0.604312
     2237.000000       0.610433
     2237.100000       0.616506
     2237.200000       0.622831
     2237.300000       0.628718
     2237.400000       0.634203
     2237.500000       0.639212
     2237.600000       0.644139
     2237.700000       0.650703
     2237.800000       0.661088
     2237.900000       0.672701
     2238.000000       0.680743
     2238.100000       0.687327
     2238.200000       0.694503
     2238.300000       0.701696
     2238.400000       0.709850
     2238.500000       0.717753
     2238.600000       0.724958
     2238.700000       0.731112
     2238.800000       0.736468
     2238.900000       0.741915
     2239.000000       0.747075
     2239.100000       0.751917
     2239.200000       0.756533
     2239.300000       0.761003
     2239.400000       0.765236
     2239.500000       0.770293
     2239.600000       0.775602
     2239.700000       0.781219
     2239.800000       0.786621
     2239.900000       0.791454
     2240.000000       0.795589
     2240.100000       0.799656
     2240.200000       0.803989
     2240.300000       0.808562
     2240.400000       0.813401
     2240.500000       0.817515
     2240.600000       0.821015
     2240.700000       0.824028
     2240.800000       0.826778
     2240.900000       0.829504
     2241.000000       0.832321
     2241.100000       0.835364
     2241.200000       0.838572
     2241.300000       0.842102
     2241.400000       0.845599
     2241.500000       0.849325
     2241.600000       0.853248
     2241.700000       0.857579
     2241.800000       0.862037
     2241.900000       0.866569
     2242.000000       0.871090
     2242.100000       0.875327
     2242.200000       0.879664
     2242.300000       0.883446
     2242.400000       0.887081
     2242.500000       0.890549
     2242.600000       0.893802
     2242.700000       0.896864
     2242.800000       0.899520
     2242.900000       0.902282
     2243.000000       0.904928
     2243.100000       0.907660
     2243.200000       0.910334
     2243.300000       0.912745
     2243.400000       0.915338
     2243.500000       0.917933
     2243.600000       0.920493
     2243.700000       0.923056
     2243.800000       0.925562
     2243.900000       0.927755
     2244.000000       0.930266
     2244.100000       0.932420
     2244.200000       0.934481
     2244.300000       0.936543
     2244.400000       0.938662
     2244.500000       0.940720
     2244.600000       0.943241
     2244.700000       0.945945
     2244.800000       0.948708
     2244.900000       0.951394
     2245.000000       0.953909
     2245.100000       0.956033
     2245.200000       0.958269
     2245.300000       0.960409
     2245.400000       0.962534
     2245.500000       0.964692
     2245.600000       0.966738
     2245.700000       0.969211
     2245.800000       0.972094
     2245.900000       0.974844
     2246.000000       0.977406
     2246.100000       0.979653
     2246.200000       0.981438
     2246.300000       0.983296
     2246.400000       0.985286
     2246.500000       0.987607
     2246.600000       0.990707
     2246.700000       0.993917
     2246.800000       0.995386
     2246.900000       0.995834
     2247.000000       0.995912
     2247.100000       0.996269
     2247.200000       0.996924
     2247.300000       0.997799
     2247.400000       0.998674
     2247.500000       0.999479
     2247.600000       1.000000
     2247.700000       0.999927
     2247.800000       0.999355
     2247.900000       0.998472
     2248.000000       0.997394
     2248.100000       0.996263
     2248.200000       0.995152
     2248.300000       0.994170
     2248.400000       0.993416
     2248.500000       0.992734
     2248.600000       0.992075
     2248.700000       0.991252
     2248.800000       0.990318
     2248.900000       0.989337
     2249.000000       0.988390
     2249.100000       0.987407
     2249.200000       0.986194
     2249.300000       0.984546
     2249.400000       0.982412
     2249.500000       0.980339
     2249.600000       0.978630
     2249.700000       0.976992
     2249.800000       0.975291
     2249.900000       0.973297
     2250.000000       0.970935
     2250.100000       0.968482
     2250.200000       0.965778
     2250.300000       0.962821
     2250.400000       0.960064
     2250.500000       0.957285
     2250.600000       0.954578
     2250.700000       0.952144
     2250.800000       0.949674
     2250.900000       0.947389
     2251.000000       0.945309
     2251.100000       0.943393
     2251.200000       0.941581
     2251.300000       0.940083
     2251.400000       0.938485
     2251.500000       0.936883
     2251.600000       0.935280
     2251.700000       0.933617
     2251.800000       0.931926
     2251.900000       0.930408
     2252.000000       0.928739
     2252.100000       0.927026
     2252.200000       0.925530
     2252.300000       0.924248
     2252.400000       0.923397
     2252.500000       0.922890
     2252.600000       0.922678
     2252.700000       0.922559
     2252.800000       0.922617
     2252.900000       0.922810
     2253.000000       0.923080
     2253.100000       0.923423
     2253.200000       0.923805
     2253.300000       0.924199
     2253.400000       0.924574
     2253.500000       0.924928
     2253.600000       0.925227
     2253.700000       0.925511
     2253.800000       0.925767
     2253.900000       0.925956
     2254.000000       0.926010
     2254.100000       0.925952
     2254.200000       0.925821
     2254.300000       0.925643
     2254.400000       0.925456
     2254.500000       0.925301
     2254.600000       0.925225
     2254.700000       0.925278
     2254.800000       0.925445
     2254.900000       0.925736
     2255.000000       0.926117
     2255.100000       0.926585
     2255.200000       0.927121
     2255.300000       0.927697
     2255.400000       0.928273
     2255.500000       0.928781
     2255.600000       0.929168
     2255.700000       0.929448
     2255.800000       0.929504
     2255.900000       0.929306
     2256.000000       0.928893
     2256.100000       0.928373
     2256.200000       0.927916
     2256.300000       0.927567
     2256.400000       0.927117
     2256.500000       0.926184
     2256.600000       0.924498
     2256.700000       0.921880
     2256.800000       0.918631
     2256.900000       0.915095
     2257.000000       0.911305
     2257.100000       0.907570
     2257.200000       0.903984
     2257.300000       0.900534
     2257.400000       0.897144
     2257.500000       0.893379
     2257.600000       0.888685
     2257.700000       0.882699
     2257.800000       0.875907
     2257.900000       0.868562
     2258.000000       0.860096
     2258.100000       0.851013
     2258.200000       0.842132
     2258.300000       0.834565
     2258.400000       0.827538
     2258.500000       0.818925
     2258.600000       0.807789
     2258.700000       0.797639
     2258.800000       0.788115
     2258.900000       0.771281
     2259.000000       0.755805
     2259.100000       0.741552
     2259.200000       0.727132
     2259.300000       0.712210
     2259.400000       0.697636
     2259.500000       0.683410
     2259.600000       0.669529
     2259.700000       0.655938
     2259.800000       0.640560
     2259.900000       0.627475
     2260.000000       0.614177
     2260.100000       0.599387
     2260.200000       0.586257
     2260.300000       0.573578
     2260.400000       0.558540
     2260.500000       0.543489
     2260.600000       0.528629
     2260.700000       0.513988
     2260.800000       0.499692
     2260.900000       0.484996
     2261.000000       0.470616
     2261.100000       0.456929
     2261.200000       0.440049
     2261.300000       0.423034
     2261.400000       0.411216
     2261.500000       0.395803
     2261.600000       0.379810
     2261.700000       0.370524
     2261.800000       0.350116
     2261.900000       0.336614
     2262.000000       0.322648
     2262.100000       0.308215
     2262.200000       0.294202
     2262.300000       0.281330
     2262.400000       0.268858
     2262.500000       0.256806
     2262.600000       0.245566
     2262.700000       0.234861
     2262.800000       0.228879
     2262.900000       0.223379
     2263.000000       0.216008
     2263.100000       0.208342
     2263.200000       0.200773
     2263.300000       0.193299
     2263.400000       0.183509
     2263.500000       0.175428
     2263.600000       0.166216
     2263.700000       0.157151
     2263.800000       0.150106
     2263.900000       0.143671
     2264.000000       0.137770
     2264.100000       0.132516
     2264.200000       0.127628
     2264.300000       0.122552
     2264.400000       0.117008
     2264.500000       0.111813
     2264.600000       0.107656
     2264.700000       0.103646
     2264.800000       0.099078
     2264.900000       0.094605
     2265.000000       0.090374
     2265.100000       0.087238
     2265.200000       0.084696
     2265.300000       0.082065
     2265.400000       0.078953
     2265.500000       0.074953
     2265.600000       0.071250
     2265.700000       0.067936
     2265.800000       0.064919
     2265.900000       0.061809
     2266.000000       0.058271
     2266.100000       0.054825
     2266.200000       0.050840
     2266.300000       0.046835
     2266.400000       0.043273
     2266.500000       0.040418
     2266.600000       0.038638
     2266.700000       0.037157
     2266.800000       0.035860
     2266.900000       0.034359
     2267.000000       0.032301
     2267.100000       0.029611
     2267.200000       0.027626
     2267.300000       0.026311
     2267.400000       0.025329
     2267.500000       0.024013
     2267.600000       0.022492
     2267.700000       0.021102
     2267.800000       0.019655
     2267.900000       0.018339
     2268.000000       0.017153
     2268.100000       0.016040
     2268.200000       0.015077
     2268.300000       0.014207
     2268.400000       0.013206
     2268.500000       0.012093
     2268.600000       0.010979
     2268.700000       0.009882
     2268.800000       0.008785
     2268.900000       0.007742
     2269.000000       0.006624
     2269.100000       0.005505
     2269.200000       0.004442
     2269.300000       0.003602
     2269.400000       0.003229
     2269.500000       0.002968
     2269.600000       0.002687
     2269.700000       0.002426
     2269.800000       0.002165
     2269.900000       0.001903
     2270.000000       0.001642
     2270.100000       0.001380
     2270.200000       0.001120
     2270.300000       0.000896
     2270.400000       0.000727
     2270.500000       0.000579
     2270.600000       0.000429
     2270.700000       0.000299
     2270.800000       0.000149
     2270.900000       0.000112
     2271.000000       0.001084
     2271.100000       0.011399
