  16  ,noaa_17_hirs_16.flt
Number of data points:
171
Wavenumber (cm-1)   Filter response
     2213.000000       0.000000
     2213.300000       0.003167
     2213.600000       0.006337
     2213.900000       0.006340
     2214.200000       0.007929
     2214.500000       0.009520
     2214.800000       0.011112
     2215.100000       0.011118
     2215.400000       0.012713
     2215.700000       0.014309
     2216.000000       0.014316
     2216.300000       0.015915
     2216.600000       0.019107
     2216.900000       0.020711
     2217.200000       0.023909
     2217.500000       0.025517
     2217.800000       0.025530
     2218.100000       0.027140
     2218.400000       0.027154
     2218.700000       0.028767
     2219.000000       0.033579
     2219.300000       0.039996
     2219.600000       0.041617
     2219.900000       0.046443
     2220.200000       0.051261
     2220.500000       0.057674
     2220.800000       0.059282
     2221.100000       0.065697
     2221.400000       0.073716
     2221.700000       0.078531
     2222.000000       0.086553
     2222.300000       0.096179
     2222.600000       0.104200
     2222.900000       0.113830
     2223.200000       0.125070
     2223.500000       0.136310
     2223.800000       0.150790
     2224.100000       0.162080
     2224.400000       0.179800
     2224.700000       0.194320
     2225.000000       0.212070
     2225.300000       0.233040
     2225.600000       0.250810
     2225.900000       0.273420
     2226.200000       0.296040
     2226.500000       0.318680
     2226.800000       0.344560
     2227.100000       0.367210
     2227.400000       0.393060
     2227.700000       0.422140
     2228.000000       0.449630
     2228.300000       0.475510
     2228.600000       0.499790
     2228.900000       0.530540
     2229.200000       0.559680
     2229.500000       0.584000
     2229.800000       0.613160
     2230.100000       0.637500
     2230.400000       0.663460
     2230.700000       0.689300
     2231.000000       0.713450
     2231.300000       0.737590
     2231.600000       0.758500
     2231.900000       0.779410
     2232.200000       0.797080
     2232.500000       0.811530
     2232.800000       0.830810
     2233.100000       0.843630
     2233.400000       0.856450
     2233.700000       0.869270
     2234.000000       0.880480
     2234.300000       0.887100
     2234.600000       0.895330
     2234.900000       0.903550
     2235.200000       0.906930
     2235.500000       0.908710
     2235.800000       0.913710
     2236.100000       0.913870
     2236.400000       0.914030
     2236.700000       0.912570
     2237.000000       0.909500
     2237.300000       0.909660
     2237.600000       0.905080
     2237.900000       0.903970
     2238.200000       0.896390
     2238.500000       0.893650
     2238.800000       0.887670
     2239.100000       0.880060
     2239.400000       0.874070
     2239.700000       0.868070
     2240.000000       0.858810
     2240.300000       0.852790
     2240.600000       0.845140
     2240.900000       0.839110
     2241.200000       0.831280
     2241.500000       0.824990
     2241.800000       0.820310
     2242.100000       0.815640
     2242.400000       0.810960
     2242.700000       0.807910
     2243.000000       0.808120
     2243.300000       0.805060
     2243.600000       0.810160
     2243.900000       0.813620
     2244.200000       0.818720
     2244.500000       0.825460
     2244.800000       0.833600
     2245.100000       0.841760
     2245.400000       0.854810
     2245.700000       0.867860
     2246.000000       0.882540
     2246.300000       0.897220
     2246.600000       0.915160
     2246.900000       0.933110
     2247.200000       0.949420
     2247.500000       0.964100
     2247.800000       0.978780
     2248.100000       0.988730
     2248.400000       0.992480
     2248.700000       0.999500
     2249.000000       1.000000
     2249.300000       0.985790
     2249.600000       0.973190
     2249.900000       0.955680
     2250.200000       0.925050
     2250.500000       0.886190
     2250.800000       0.848940
     2251.100000       0.814930
     2251.400000       0.757920
     2251.700000       0.713990
     2252.000000       0.650300
     2252.300000       0.596420
     2252.600000       0.539200
     2252.900000       0.481910
     2253.200000       0.426210
     2253.500000       0.388560
     2253.800000       0.334400
     2254.100000       0.288430
     2254.400000       0.249000
     2254.700000       0.219430
     2255.000000       0.184880
     2255.300000       0.160170
     2255.600000       0.140400
     2255.900000       0.117310
     2256.200000       0.104120
     2256.500000       0.092581
     2256.800000       0.082687
     2257.100000       0.069478
     2257.400000       0.064535
     2257.700000       0.059588
     2258.000000       0.049672
     2258.300000       0.044718
     2258.600000       0.039761
     2258.900000       0.036457
     2259.200000       0.031495
     2259.500000       0.026529
     2259.800000       0.026537
     2260.100000       0.024885
     2260.400000       0.019914
     2260.700000       0.016599
     2261.000000       0.016604
     2261.300000       0.014948
     2261.600000       0.013291
     2261.900000       0.013294
     2262.200000       0.011637
     2262.500000       0.009978
     2262.800000       0.008319
     2263.100000       0.006658
     2263.400000       0.009991
     2263.700000       0.009995
     2264.000000       0.000000
