7,    channel 7 SRF extracted from SRF_FY4B_AGRI.zip (FY4B_AGRI_SRF_CH07-CH08_Pub.txt)
Number of data points:
2534
Wavenumber (cm-1)   Filter response
     2299.908000       0.001600
     2300.172500       0.001600
     2300.437100       0.001600
     2300.701700       0.001700
     2300.966400       0.001700
     2301.231200       0.001700
     2301.496000       0.001700
     2301.760800       0.001800
     2302.025800       0.001800
     2302.290800       0.001800
     2302.555800       0.001800
     2302.821000       0.001900
     2303.086100       0.001900
     2303.351400       0.001900
     2303.616700       0.001900
     2303.882000       0.001900
     2304.147500       0.001900
     2304.413000       0.001900
     2304.678500       0.001900
     2304.944100       0.001900
     2305.209800       0.002000
     2305.475500       0.002000
     2305.741300       0.002000
     2306.007100       0.002000
     2306.273100       0.002000
     2306.539000       0.002000
     2306.805100       0.002000
     2307.071200       0.002000
     2307.337300       0.002000
     2307.603600       0.002000
     2307.869800       0.002000
     2308.136200       0.002000
     2308.402600       0.002000
     2308.669100       0.002000
     2308.935600       0.002000
     2309.202200       0.002000
     2309.468800       0.002000
     2309.735500       0.002000
     2310.002300       0.002000
     2310.269100       0.002000
     2310.536000       0.002000
     2310.803000       0.002000
     2311.070000       0.002100
     2311.337100       0.002100
     2311.604300       0.002100
     2311.871500       0.002100
     2312.138700       0.002100
     2312.406100       0.002100
     2312.673500       0.002100
     2312.940900       0.002100
     2313.208400       0.002100
     2313.476000       0.002200
     2313.743600       0.002200
     2314.011300       0.002200
     2314.279100       0.002200
     2314.546900       0.002200
     2314.814800       0.002200
     2315.082800       0.002200
     2315.350800       0.002200
     2315.618800       0.002200
     2315.887000       0.002200
     2316.155200       0.002200
     2316.423400       0.002100
     2316.691800       0.002100
     2316.960100       0.002100
     2317.228600       0.002100
     2317.497100       0.002100
     2317.765700       0.002100
     2318.034300       0.002100
     2318.303000       0.002100
     2318.571800       0.002100
     2318.840600       0.002100
     2319.109500       0.002100
     2319.378400       0.002100
     2319.647400       0.002100
     2319.916500       0.002200
     2320.185600       0.002200
     2320.454800       0.002200
     2320.724100       0.002200
     2320.993400       0.002300
     2321.262800       0.002300
     2321.532200       0.002300
     2321.801700       0.002400
     2322.071300       0.002400
     2322.340900       0.002400
     2322.610600       0.002500
     2322.880400       0.002500
     2323.150200       0.002500
     2323.420100       0.002500
     2323.690000       0.002500
     2323.960000       0.002500
     2324.230100       0.002600
     2324.500200       0.002600
     2324.770400       0.002600
     2325.040700       0.002600
     2325.311000       0.002600
     2325.581400       0.002600
     2325.851800       0.002600
     2326.122400       0.002600
     2326.392900       0.002600
     2326.663600       0.002600
     2326.934300       0.002600
     2327.205000       0.002600
     2327.475900       0.002600
     2327.746700       0.002600
     2328.017700       0.002600
     2328.288700       0.002600
     2328.559800       0.002600
     2328.830900       0.002700
     2329.102100       0.002700
     2329.373400       0.002700
     2329.644700       0.002700
     2329.916100       0.002700
     2330.187600       0.002700
     2330.459100       0.002700
     2330.730700       0.002600
     2331.002300       0.002600
     2331.274000       0.002600
     2331.545800       0.002600
     2331.817700       0.002600
     2332.089600       0.002500
     2332.361500       0.002500
     2332.633500       0.002500
     2332.905600       0.002500
     2333.177800       0.002400
     2333.450000       0.002400
     2333.722300       0.002400
     2333.994600       0.002400
     2334.267000       0.002400
     2334.539500       0.002400
     2334.812000       0.002400
     2335.084600       0.002400
     2335.357300       0.002500
     2335.630000       0.002500
     2335.902800       0.002500
     2336.175700       0.002600
     2336.448600       0.002600
     2336.721600       0.002700
     2336.994600       0.002700
     2337.267700       0.002800
     2337.540900       0.002800
     2337.814100       0.002900
     2338.087400       0.003000
     2338.360800       0.003000
     2338.634200       0.003100
     2338.907700       0.003200
     2339.181300       0.003200
     2339.454900       0.003300
     2339.728600       0.003400
     2340.002300       0.003400
     2340.276200       0.003500
     2340.550000       0.003500
     2340.824000       0.003500
     2341.098000       0.003600
     2341.372000       0.003600
     2341.646200       0.003600
     2341.920400       0.003600
     2342.194600       0.003600
     2342.469000       0.003500
     2342.743400       0.003500
     2343.017800       0.003500
     2343.292300       0.003400
     2343.566900       0.003300
     2343.841600       0.003300
     2344.116300       0.003200
     2344.391000       0.003100
     2344.665900       0.003000
     2344.940800       0.003000
     2345.215800       0.002900
     2345.490800       0.002800
     2345.765900       0.002800
     2346.041100       0.002700
     2346.316300       0.002700
     2346.591600       0.002700
     2346.866900       0.002700
     2347.142400       0.002700
     2347.417800       0.002700
     2347.693400       0.002700
     2347.969000       0.002800
     2348.244700       0.002800
     2348.520400       0.002900
     2348.796200       0.002900
     2349.072100       0.003000
     2349.348100       0.003100
     2349.624100       0.003200
     2349.900100       0.003200
     2350.176300       0.003300
     2350.452500       0.003400
     2350.728700       0.003500
     2351.005100       0.003600
     2351.281400       0.003700
     2351.557900       0.003800
     2351.834400       0.003800
     2352.111000       0.003900
     2352.387700       0.004000
     2352.664400       0.004100
     2352.941200       0.004200
     2353.218000       0.004300
     2353.494900       0.004400
     2353.771900       0.004500
     2354.049000       0.004600
     2354.326100       0.004700
     2354.603200       0.004800
     2354.880500       0.004900
     2355.157800       0.005000
     2355.435200       0.005000
     2355.712600       0.005100
     2355.990100       0.005200
     2356.267700       0.005300
     2356.545300       0.005400
     2356.823000       0.005500
     2357.100800       0.005600
     2357.378600       0.005700
     2357.656500       0.005800
     2357.934400       0.005900
     2358.212500       0.006000
     2358.490600       0.006000
     2358.768700       0.006100
     2359.046900       0.006200
     2359.325200       0.006300
     2359.603600       0.006400
     2359.882000       0.006500
     2360.160500       0.006600
     2360.439000       0.006700
     2360.717700       0.006900
     2360.996300       0.007000
     2361.275100       0.007100
     2361.553900       0.007200
     2361.832800       0.007300
     2362.111700       0.007400
     2362.390700       0.007600
     2362.669800       0.007700
     2362.949000       0.007800
     2363.228200       0.008000
     2363.507400       0.008100
     2363.786800       0.008200
     2364.066200       0.008400
     2364.345700       0.008500
     2364.625200       0.008600
     2364.904800       0.008800
     2365.184500       0.008900
     2365.464200       0.009000
     2365.744000       0.009200
     2366.023900       0.009300
     2366.303800       0.009500
     2366.583800       0.009600
     2366.863900       0.009700
     2367.144000       0.009800
     2367.424200       0.009900
     2367.704500       0.010000
     2367.984800       0.010100
     2368.265200       0.010200
     2368.545700       0.010200
     2368.826200       0.010300
     2369.106800       0.010300
     2369.387500       0.010300
     2369.668200       0.010300
     2369.949000       0.010300
     2370.229900       0.010300
     2370.510800       0.010200
     2370.791800       0.010200
     2371.072900       0.010100
     2371.354000       0.010000
     2371.635200       0.009900
     2371.916500       0.009900
     2372.197800       0.009800
     2372.479200       0.009700
     2372.760700       0.009600
     2373.042200       0.009500
     2373.323800       0.009400
     2373.605500       0.009300
     2373.887200       0.009200
     2374.169000       0.009100
     2374.450900       0.009000
     2374.732800       0.008900
     2375.014800       0.008900
     2375.296900       0.008800
     2375.579000       0.008700
     2375.861200       0.008700
     2376.143500       0.008600
     2376.425900       0.008600
     2376.708300       0.008600
     2376.990700       0.008500
     2377.273300       0.008500
     2377.555900       0.008500
     2377.838500       0.008500
     2378.121300       0.008500
     2378.404100       0.008500
     2378.687000       0.008500
     2378.969900       0.008600
     2379.252900       0.008600
     2379.536000       0.008600
     2379.819100       0.008700
     2380.102300       0.008700
     2380.385600       0.008700
     2380.669000       0.008800
     2380.952400       0.008800
     2381.235900       0.008900
     2381.519400       0.008900
     2381.803000       0.008900
     2382.086700       0.009000
     2382.370500       0.009000
     2382.654300       0.009000
     2382.938200       0.009100
     2383.222100       0.009100
     2383.506100       0.009100
     2383.790200       0.009200
     2384.074400       0.009200
     2384.358600       0.009300
     2384.642900       0.009300
     2384.927300       0.009300
     2385.211700       0.009400
     2385.496200       0.009400
     2385.780700       0.009400
     2386.065400       0.009500
     2386.350100       0.009500
     2386.634800       0.009500
     2386.919700       0.009600
     2387.204600       0.009600
     2387.489600       0.009700
     2387.774600       0.009700
     2388.059700       0.009700
     2388.344900       0.009800
     2388.630100       0.009800
     2388.915400       0.009800
     2389.200800       0.009900
     2389.486300       0.009900
     2389.771800       0.009900
     2390.057400       0.010000
     2390.343000       0.010000
     2390.628700       0.010100
     2390.914500       0.010100
     2391.200400       0.010200
     2391.486300       0.010200
     2391.772300       0.010200
     2392.058400       0.010300
     2392.344500       0.010400
     2392.630700       0.010400
     2392.917000       0.010500
     2393.203300       0.010500
     2393.489700       0.010600
     2393.776200       0.010700
     2394.062700       0.010700
     2394.349300       0.010800
     2394.636000       0.010900
     2394.922800       0.011000
     2395.209600       0.011100
     2395.496500       0.011100
     2395.783400       0.011200
     2396.070400       0.011300
     2396.357500       0.011400
     2396.644700       0.011500
     2396.931900       0.011600
     2397.219200       0.011700
     2397.506600       0.011800
     2397.794000       0.011900
     2398.081500       0.012000
     2398.369100       0.012100
     2398.656800       0.012200
     2398.944500       0.012300
     2399.232200       0.012300
     2399.520100       0.012400
     2399.808000       0.012500
     2400.096000       0.012600
     2400.384100       0.012700
     2400.672200       0.012800
     2400.960400       0.012900
     2401.248600       0.012900
     2401.537000       0.013000
     2401.825400       0.013100
     2402.113900       0.013100
     2402.402400       0.013200
     2402.691000       0.013200
     2402.979700       0.013300
     2403.268400       0.013400
     2403.557300       0.013400
     2403.846200       0.013400
     2404.135100       0.013500
     2404.424100       0.013500
     2404.713200       0.013600
     2405.002400       0.013600
     2405.291600       0.013600
     2405.580900       0.013700
     2405.870300       0.013700
     2406.159800       0.013800
     2406.449300       0.013800
     2406.738900       0.013900
     2407.028500       0.013900
     2407.318200       0.014000
     2407.608000       0.014100
     2407.897900       0.014100
     2408.187800       0.014200
     2408.477800       0.014300
     2408.767900       0.014400
     2409.058100       0.014500
     2409.348300       0.014700
     2409.638600       0.014800
     2409.928900       0.014900
     2410.219300       0.015100
     2410.509800       0.015200
     2410.800400       0.015300
     2411.091000       0.015500
     2411.381700       0.015600
     2411.672500       0.015800
     2411.963300       0.015900
     2412.254300       0.016100
     2412.545200       0.016200
     2412.836300       0.016400
     2413.127400       0.016500
     2413.418600       0.016700
     2413.709900       0.016800
     2414.001200       0.017000
     2414.292600       0.017100
     2414.584100       0.017300
     2414.875600       0.017400
     2415.167300       0.017600
     2415.458900       0.017700
     2415.750700       0.017800
     2416.042500       0.018000
     2416.334400       0.018100
     2416.626400       0.018300
     2416.918400       0.018400
     2417.210500       0.018600
     2417.502700       0.018700
     2417.795000       0.018800
     2418.087300       0.019000
     2418.379700       0.019100
     2418.672100       0.019300
     2418.964700       0.019400
     2419.257300       0.019500
     2419.550000       0.019700
     2419.842700       0.019800
     2420.135500       0.019900
     2420.428400       0.020100
     2420.721400       0.020200
     2421.014400       0.020300
     2421.307500       0.020400
     2421.600700       0.020600
     2421.893900       0.020700
     2422.187200       0.020800
     2422.480600       0.021000
     2422.774100       0.021100
     2423.067600       0.021200
     2423.361200       0.021400
     2423.654900       0.021500
     2423.948600       0.021600
     2424.242400       0.021800
     2424.536300       0.021900
     2424.830300       0.022100
     2425.124300       0.022200
     2425.418400       0.022400
     2425.712600       0.022500
     2426.006800       0.022700
     2426.301100       0.022800
     2426.595500       0.023000
     2426.889900       0.023200
     2427.184500       0.023300
     2427.479100       0.023500
     2427.773700       0.023700
     2428.068500       0.023800
     2428.363300       0.024000
     2428.658200       0.024200
     2428.953100       0.024400
     2429.248100       0.024500
     2429.543200       0.024700
     2429.838400       0.024900
     2430.133700       0.025100
     2430.429000       0.025300
     2430.724400       0.025500
     2431.019800       0.025800
     2431.315300       0.026000
     2431.610900       0.026200
     2431.906600       0.026500
     2432.202400       0.026700
     2432.498200       0.027000
     2432.794100       0.027200
     2433.090000       0.027500
     2433.386100       0.027700
     2433.682200       0.028000
     2433.978300       0.028300
     2434.274600       0.028500
     2434.570900       0.028800
     2434.867300       0.029100
     2435.163800       0.029300
     2435.460300       0.029600
     2435.756900       0.029900
     2436.053600       0.030100
     2436.350300       0.030400
     2436.647200       0.030700
     2436.944100       0.030900
     2437.241000       0.031200
     2437.538100       0.031500
     2437.835200       0.031800
     2438.132400       0.032000
     2438.429700       0.032300
     2438.727000       0.032600
     2439.024400       0.032900
     2439.321900       0.033200
     2439.619400       0.033400
     2439.917000       0.033700
     2440.214700       0.034000
     2440.512500       0.034300
     2440.810300       0.034700
     2441.108300       0.035000
     2441.406200       0.035300
     2441.704300       0.035600
     2442.002400       0.036000
     2442.300600       0.036300
     2442.598900       0.036600
     2442.897300       0.037000
     2443.195700       0.037400
     2443.494200       0.037700
     2443.792800       0.038100
     2444.091400       0.038500
     2444.390100       0.038900
     2444.688900       0.039300
     2444.987800       0.039700
     2445.286700       0.040100
     2445.585700       0.040500
     2445.884800       0.041000
     2446.184000       0.041400
     2446.483200       0.041800
     2446.782500       0.042300
     2447.081900       0.042700
     2447.381300       0.043200
     2447.680800       0.043700
     2447.980400       0.044100
     2448.280100       0.044600
     2448.579800       0.045100
     2448.879600       0.045600
     2449.179500       0.046100
     2449.479500       0.046600
     2449.779500       0.047000
     2450.079600       0.047500
     2450.379800       0.048100
     2450.680100       0.048600
     2450.980400       0.049100
     2451.280800       0.049600
     2451.581300       0.050100
     2451.881800       0.050600
     2452.182400       0.051100
     2452.483100       0.051700
     2452.783900       0.052200
     2453.084800       0.052700
     2453.385700       0.053300
     2453.686700       0.053800
     2453.987700       0.054400
     2454.288900       0.054900
     2454.590100       0.055500
     2454.891400       0.056100
     2455.192700       0.056700
     2455.494200       0.057200
     2455.795700       0.057800
     2456.097300       0.058400
     2456.398900       0.059100
     2456.700700       0.059700
     2457.002500       0.060300
     2457.304300       0.061000
     2457.606300       0.061600
     2457.908300       0.062300
     2458.210400       0.063000
     2458.512600       0.063700
     2458.814900       0.064400
     2459.117200       0.065100
     2459.419600       0.065900
     2459.722100       0.066600
     2460.024600       0.067400
     2460.327200       0.068100
     2460.629900       0.068900
     2460.932700       0.069700
     2461.235500       0.070500
     2461.538500       0.071300
     2461.841500       0.072200
     2462.144500       0.073000
     2462.447700       0.073800
     2462.750900       0.074700
     2463.054200       0.075500
     2463.357600       0.076400
     2463.661000       0.077200
     2463.964500       0.078100
     2464.268100       0.079000
     2464.571800       0.080000
     2464.875500       0.080900
     2465.179300       0.081800
     2465.483200       0.082800
     2465.787200       0.083800
     2466.091200       0.084800
     2466.395400       0.085800
     2466.699600       0.086900
     2467.003800       0.087900
     2467.308200       0.089000
     2467.612600       0.090100
     2467.917100       0.091200
     2468.221600       0.092400
     2468.526300       0.093500
     2468.831000       0.094700
     2469.135800       0.095800
     2469.440700       0.097000
     2469.745600       0.098200
     2470.050600       0.099500
     2470.355700       0.100700
     2470.660900       0.102000
     2470.966100       0.103200
     2471.271500       0.104500
     2471.576900       0.105800
     2471.882300       0.107100
     2472.187900       0.108500
     2472.493500       0.109800
     2472.799200       0.111200
     2473.105000       0.112500
     2473.410800       0.114000
     2473.716800       0.115400
     2474.022800       0.116800
     2474.328800       0.118300
     2474.635000       0.119700
     2474.941200       0.121200
     2475.247500       0.122800
     2475.553900       0.124300
     2475.860400       0.125900
     2476.166900       0.127400
     2476.473500       0.129000
     2476.780200       0.130700
     2477.086900       0.132300
     2477.393800       0.134000
     2477.700700       0.135700
     2478.007700       0.137400
     2478.314700       0.139100
     2478.621900       0.140900
     2478.929100       0.142700
     2479.236400       0.144500
     2479.543800       0.146300
     2479.851200       0.148200
     2480.158700       0.150100
     2480.466300       0.152000
     2480.774000       0.153900
     2481.081800       0.155900
     2481.389600       0.157800
     2481.697500       0.159800
     2482.005500       0.161900
     2482.313500       0.163900
     2482.621600       0.166000
     2482.929900       0.168100
     2483.238100       0.170200
     2483.546500       0.172400
     2483.854900       0.174600
     2484.163500       0.176800
     2484.472000       0.179000
     2484.780700       0.181300
     2485.089500       0.183600
     2485.398300       0.185900
     2485.707200       0.188300
     2486.016200       0.190600
     2486.325200       0.193100
     2486.634300       0.195500
     2486.943500       0.198000
     2487.252800       0.200500
     2487.562200       0.203100
     2487.871600       0.205700
     2488.181100       0.208300
     2488.490700       0.211000
     2488.800400       0.213700
     2489.110100       0.216500
     2489.420000       0.219300
     2489.729900       0.222100
     2490.039800       0.225000
     2490.349900       0.227900
     2490.660000       0.230900
     2490.970200       0.233900
     2491.280500       0.237000
     2491.590900       0.240100
     2491.901300       0.243200
     2492.211800       0.246400
     2492.522400       0.249600
     2492.833100       0.252900
     2493.143900       0.256200
     2493.454700       0.259500
     2493.765600       0.262900
     2494.076600       0.266400
     2494.387600       0.269800
     2494.698800       0.273400
     2495.010000       0.276900
     2495.321300       0.280500
     2495.632600       0.284200
     2495.944100       0.287900
     2496.255600       0.291600
     2496.567200       0.295400
     2496.878900       0.299300
     2497.190700       0.303200
     2497.502500       0.307100
     2497.814400       0.311100
     2498.126400       0.315100
     2498.438500       0.319200
     2498.750600       0.323300
     2499.062900       0.327400
     2499.375200       0.331600
     2499.687500       0.335800
     2500.000000       0.340100
     2500.312500       0.344400
     2500.625200       0.348700
     2500.937900       0.353100
     2501.250600       0.357500
     2501.563500       0.362000
     2501.876400       0.366500
     2502.189400       0.371000
     2502.502500       0.375600
     2502.815700       0.380200
     2503.128900       0.384900
     2503.442200       0.389600
     2503.755600       0.394300
     2504.069100       0.399100
     2504.382700       0.403900
     2504.696300       0.408700
     2505.010000       0.413600
     2505.323800       0.418500
     2505.637700       0.423500
     2505.951600       0.428500
     2506.265700       0.433500
     2506.579800       0.438600
     2506.894000       0.443700
     2507.208200       0.448900
     2507.522600       0.454100
     2507.837000       0.459300
     2508.151500       0.464500
     2508.466100       0.469800
     2508.780700       0.475100
     2509.095500       0.480500
     2509.410300       0.485800
     2509.725200       0.491200
     2510.040200       0.496600
     2510.355200       0.502100
     2510.670300       0.507500
     2510.985600       0.512900
     2511.300900       0.518400
     2511.616200       0.523900
     2511.931700       0.529300
     2512.247200       0.534800
     2512.562800       0.540300
     2512.878500       0.545700
     2513.194300       0.551200
     2513.510100       0.556600
     2513.826000       0.562100
     2514.142000       0.567600
     2514.458100       0.573000
     2514.774300       0.578500
     2515.090500       0.583900
     2515.406900       0.589400
     2515.723300       0.594900
     2516.039800       0.600300
     2516.356300       0.605800
     2516.673000       0.611200
     2516.989700       0.616700
     2517.306500       0.622100
     2517.623400       0.627600
     2517.940300       0.633000
     2518.257400       0.638500
     2518.574500       0.643900
     2518.891700       0.649300
     2519.209000       0.654700
     2519.526300       0.660100
     2519.843800       0.665500
     2520.161300       0.670900
     2520.478900       0.676200
     2520.796600       0.681500
     2521.114300       0.686800
     2521.432200       0.692100
     2521.750100       0.697400
     2522.068100       0.702600
     2522.386200       0.707700
     2522.704300       0.712800
     2523.022600       0.717900
     2523.340900       0.722900
     2523.659300       0.727900
     2523.977800       0.732800
     2524.296400       0.737600
     2524.615000       0.742400
     2524.933700       0.747200
     2525.252500       0.751900
     2525.571400       0.756500
     2525.890400       0.761100
     2526.209400       0.765600
     2526.528500       0.770200
     2526.847800       0.774600
     2527.167000       0.779100
     2527.486400       0.783500
     2527.805900       0.787900
     2528.125400       0.792200
     2528.445000       0.796500
     2528.764700       0.800800
     2529.084500       0.805000
     2529.404300       0.809200
     2529.724300       0.813400
     2530.044300       0.817400
     2530.364400       0.821400
     2530.684600       0.825400
     2531.004800       0.829300
     2531.325100       0.833100
     2531.645600       0.836800
     2531.966100       0.840400
     2532.286700       0.844000
     2532.607300       0.847500
     2532.928100       0.850900
     2533.248900       0.854300
     2533.569800       0.857500
     2533.890800       0.860800
     2534.211900       0.864000
     2534.533000       0.867100
     2534.854200       0.870200
     2535.175600       0.873300
     2535.497000       0.876300
     2535.818400       0.879300
     2536.140000       0.882200
     2536.461600       0.885100
     2536.783400       0.888000
     2537.105200       0.890800
     2537.427000       0.893600
     2537.749000       0.896200
     2538.071100       0.898900
     2538.393200       0.901400
     2538.715400       0.903900
     2539.037700       0.906400
     2539.360100       0.908700
     2539.682500       0.911000
     2540.005100       0.913200
     2540.327700       0.915400
     2540.650400       0.917400
     2540.973200       0.919500
     2541.296100       0.921400
     2541.619000       0.923300
     2541.942000       0.925100
     2542.265200       0.926900
     2542.588400       0.928700
     2542.911600       0.930400
     2543.235000       0.932000
     2543.558400       0.933600
     2543.882000       0.935200
     2544.205600       0.936700
     2544.529300       0.938200
     2544.853000       0.939700
     2545.176900       0.941100
     2545.500800       0.942400
     2545.824800       0.943700
     2546.148900       0.945000
     2546.473100       0.946200
     2546.797400       0.947400
     2547.121800       0.948500
     2547.446200       0.949600
     2547.770700       0.950600
     2548.095300       0.951600
     2548.420000       0.952500
     2548.744700       0.953400
     2549.069600       0.954300
     2549.394500       0.955100
     2549.719500       0.955800
     2550.044600       0.956500
     2550.369800       0.957200
     2550.695100       0.957800
     2551.020400       0.958400
     2551.345800       0.958900
     2551.671300       0.959400
     2551.996900       0.959800
     2552.322600       0.960200
     2552.648400       0.960600
     2552.974200       0.960900
     2553.300100       0.961200
     2553.626100       0.961500
     2553.952200       0.961800
     2554.278400       0.962000
     2554.604700       0.962200
     2554.931000       0.962400
     2555.257400       0.962600
     2555.584000       0.962800
     2555.910500       0.962900
     2556.237200       0.963100
     2556.564000       0.963200
     2556.890800       0.963200
     2557.217700       0.963200
     2557.544800       0.963200
     2557.871900       0.963200
     2558.199000       0.963100
     2558.526300       0.962900
     2558.853600       0.962800
     2559.181100       0.962500
     2559.508600       0.962300
     2559.836200       0.962000
     2560.163900       0.961700
     2560.491600       0.961400
     2560.819500       0.961100
     2561.147400       0.960800
     2561.475400       0.960500
     2561.803500       0.960200
     2562.131700       0.960000
     2562.460000       0.959700
     2562.788300       0.959600
     2563.116700       0.959400
     2563.445300       0.959300
     2563.773900       0.959200
     2564.102600       0.959100
     2564.431300       0.959000
     2564.760200       0.958900
     2565.089100       0.958700
     2565.418200       0.958600
     2565.747300       0.958400
     2566.076500       0.958100
     2566.405700       0.957900
     2566.735100       0.957600
     2567.064600       0.957200
     2567.394100       0.956900
     2567.723700       0.956500
     2568.053400       0.956100
     2568.383200       0.955700
     2568.713100       0.955300
     2569.043000       0.954900
     2569.373100       0.954500
     2569.703200       0.954200
     2570.033400       0.953900
     2570.363700       0.953700
     2570.694100       0.953500
     2571.024600       0.953400
     2571.355100       0.953200
     2571.685700       0.953100
     2572.016500       0.953100
     2572.347300       0.953000
     2572.678200       0.953000
     2573.009100       0.952900
     2573.340200       0.952800
     2573.671300       0.952700
     2574.002600       0.952600
     2574.333900       0.952500
     2574.665300       0.952300
     2574.996800       0.952200
     2575.328400       0.952000
     2575.660000       0.951800
     2575.991800       0.951500
     2576.323600       0.951300
     2576.655500       0.951000
     2576.987500       0.950800
     2577.319600       0.950500
     2577.651800       0.950200
     2577.984000       0.949900
     2578.316400       0.949700
     2578.648800       0.949400
     2578.981300       0.949200
     2579.313900       0.948900
     2579.646600       0.948700
     2579.979400       0.948600
     2580.312200       0.948400
     2580.645200       0.948300
     2580.978200       0.948200
     2581.311300       0.948200
     2581.644500       0.948300
     2581.977800       0.948400
     2582.311200       0.948500
     2582.644600       0.948700
     2582.978200       0.949000
     2583.311800       0.949200
     2583.645500       0.949500
     2583.979300       0.949700
     2584.313200       0.950000
     2584.647200       0.950200
     2584.981300       0.950400
     2585.315400       0.950500
     2585.649600       0.950600
     2585.984000       0.950600
     2586.318400       0.950600
     2586.652900       0.950600
     2586.987500       0.950500
     2587.322100       0.950400
     2587.656900       0.950300
     2587.991700       0.950300
     2588.326600       0.950200
     2588.661700       0.950200
     2588.996800       0.950200
     2589.332000       0.950200
     2589.667200       0.950300
     2590.002600       0.950500
     2590.338000       0.950700
     2590.673600       0.950900
     2591.009200       0.951100
     2591.344900       0.951400
     2591.680700       0.951600
     2592.016600       0.951900
     2592.352600       0.952100
     2592.688600       0.952300
     2593.024800       0.952500
     2593.361000       0.952600
     2593.697300       0.952700
     2594.033700       0.952800
     2594.370200       0.952800
     2594.706800       0.952700
     2595.043500       0.952700
     2595.380200       0.952700
     2595.717100       0.952600
     2596.054000       0.952600
     2596.391000       0.952600
     2596.728100       0.952700
     2597.065300       0.952800
     2597.402600       0.952900
     2597.740000       0.953100
     2598.077400       0.953300
     2598.415000       0.953500
     2598.752600       0.953800
     2599.090300       0.954100
     2599.428100       0.954300
     2599.766000       0.954600
     2600.104000       0.954800
     2600.442100       0.955100
     2600.780200       0.955200
     2601.118500       0.955400
     2601.456800       0.955500
     2601.795200       0.955500
     2602.133700       0.955500
     2602.472300       0.955500
     2602.811000       0.955500
     2603.149800       0.955400
     2603.488700       0.955300
     2603.827600       0.955200
     2604.166700       0.955200
     2604.505800       0.955100
     2604.845000       0.955100
     2605.184300       0.955000
     2605.523700       0.955000
     2605.863200       0.955000
     2606.202800       0.955100
     2606.542400       0.955100
     2606.882200       0.955200
     2607.222000       0.955200
     2607.561900       0.955300
     2607.901900       0.955400
     2608.242000       0.955600
     2608.582200       0.955700
     2608.922500       0.955800
     2609.262900       0.956000
     2609.603300       0.956100
     2609.943900       0.956300
     2610.284500       0.956500
     2610.625200       0.956700
     2610.966100       0.956800
     2611.307000       0.957000
     2611.647900       0.957200
     2611.989000       0.957400
     2612.330200       0.957600
     2612.671500       0.957800
     2613.012800       0.958000
     2613.354200       0.958200
     2613.695800       0.958300
     2614.037400       0.958500
     2614.379100       0.958700
     2614.720900       0.958900
     2615.062800       0.959200
     2615.404700       0.959400
     2615.746800       0.959600
     2616.088900       0.959900
     2616.431200       0.960100
     2616.773500       0.960400
     2617.115900       0.960700
     2617.458400       0.961000
     2617.801000       0.961300
     2618.143700       0.961600
     2618.486500       0.961900
     2618.829400       0.962100
     2619.172300       0.962400
     2619.515400       0.962600
     2619.858500       0.962900
     2620.201800       0.963100
     2620.545100       0.963200
     2620.888500       0.963400
     2621.232000       0.963500
     2621.575600       0.963600
     2621.919200       0.963700
     2622.263000       0.963800
     2622.606900       0.963900
     2622.950800       0.964100
     2623.294900       0.964200
     2623.639000       0.964400
     2623.983200       0.964600
     2624.327500       0.964900
     2624.671900       0.965200
     2625.016400       0.965500
     2625.361000       0.965900
     2625.705700       0.966200
     2626.050400       0.966600
     2626.395300       0.967000
     2626.740200       0.967400
     2627.085200       0.967700
     2627.430400       0.968000
     2627.775600       0.968300
     2628.120900       0.968600
     2628.466300       0.968800
     2628.811800       0.969000
     2629.157400       0.969100
     2629.503000       0.969200
     2629.848800       0.969300
     2630.194600       0.969400
     2630.540600       0.969500
     2630.886600       0.969600
     2631.232700       0.969800
     2631.578900       0.969900
     2631.925300       0.970100
     2632.271700       0.970400
     2632.618100       0.970700
     2632.964700       0.971000
     2633.311400       0.971300
     2633.658200       0.971600
     2634.005000       0.972000
     2634.351900       0.972300
     2634.699000       0.972700
     2635.046100       0.973000
     2635.393300       0.973300
     2635.740600       0.973500
     2636.088000       0.973800
     2636.435500       0.974000
     2636.783100       0.974200
     2637.130800       0.974300
     2637.478600       0.974400
     2637.826400       0.974500
     2638.174400       0.974500
     2638.522400       0.974500
     2638.870600       0.974500
     2639.218800       0.974400
     2639.567100       0.974400
     2639.915500       0.974300
     2640.264000       0.974100
     2640.612600       0.974000
     2640.961300       0.973800
     2641.310100       0.973700
     2641.659000       0.973500
     2642.007900       0.973400
     2642.357000       0.973300
     2642.706100       0.973200
     2643.055400       0.973200
     2643.404700       0.973200
     2643.754100       0.973200
     2644.103600       0.973300
     2644.453300       0.973400
     2644.803000       0.973500
     2645.152800       0.973600
     2645.502600       0.973800
     2645.852600       0.973900
     2646.202700       0.973900
     2646.552900       0.973900
     2646.903100       0.973900
     2647.253500       0.973700
     2647.603900       0.973500
     2647.954500       0.973200
     2648.305100       0.972900
     2648.655800       0.972500
     2649.006600       0.972100
     2649.357500       0.971700
     2649.708500       0.971300
     2650.059600       0.970900
     2650.410800       0.970600
     2650.762100       0.970300
     2651.113500       0.970200
     2651.464900       0.970100
     2651.816500       0.970100
     2652.168100       0.970200
     2652.519900       0.970300
     2652.871700       0.970400
     2653.223700       0.970600
     2653.575700       0.970800
     2653.927800       0.971000
     2654.280000       0.971100
     2654.632300       0.971200
     2654.984700       0.971200
     2655.337200       0.971100
     2655.689800       0.971000
     2656.042500       0.970800
     2656.395300       0.970500
     2656.748100       0.970200
     2657.101100       0.969900
     2657.454200       0.969600
     2657.807300       0.969300
     2658.160600       0.969100
     2658.513900       0.968900
     2658.867300       0.968700
     2659.220800       0.968600
     2659.574500       0.968500
     2659.928200       0.968500
     2660.282000       0.968600
     2660.635900       0.968700
     2660.989900       0.968800
     2661.344000       0.968900
     2661.698200       0.969100
     2662.052400       0.969200
     2662.406800       0.969300
     2662.761300       0.969400
     2663.115800       0.969500
     2663.470500       0.969600
     2663.825300       0.969600
     2664.180100       0.969700
     2664.535000       0.969700
     2664.890100       0.969700
     2665.245200       0.969600
     2665.600400       0.969600
     2665.955700       0.969500
     2666.311200       0.969500
     2666.666700       0.969400
     2667.022300       0.969300
     2667.378000       0.969200
     2667.733800       0.969100
     2668.089600       0.969000
     2668.445600       0.968900
     2668.801700       0.968800
     2669.157900       0.968800
     2669.514100       0.968700
     2669.870500       0.968700
     2670.227000       0.968700
     2670.583500       0.968800
     2670.940200       0.968900
     2671.296900       0.969000
     2671.653800       0.969100
     2672.010700       0.969200
     2672.367700       0.969400
     2672.724800       0.969500
     2673.082100       0.969700
     2673.439400       0.969700
     2673.796800       0.969800
     2674.154300       0.969800
     2674.511900       0.969800
     2674.869600       0.969700
     2675.227400       0.969600
     2675.585300       0.969500
     2675.943300       0.969300
     2676.301400       0.969100
     2676.659500       0.969000
     2677.017800       0.968800
     2677.376200       0.968700
     2677.734600       0.968600
     2678.093200       0.968500
     2678.451900       0.968600
     2678.810600       0.968600
     2679.169500       0.968700
     2679.528400       0.968800
     2679.887400       0.969000
     2680.246600       0.969100
     2680.605800       0.969300
     2680.965100       0.969400
     2681.324600       0.969500
     2681.684100       0.969600
     2682.043700       0.969600
     2682.403400       0.969600
     2682.763200       0.969500
     2683.123200       0.969400
     2683.483200       0.969200
     2683.843300       0.969000
     2684.203500       0.968800
     2684.563800       0.968700
     2684.924200       0.968500
     2685.284600       0.968300
     2685.645200       0.968200
     2686.005900       0.968100
     2686.366700       0.968000
     2686.727600       0.967900
     2687.088500       0.967900
     2687.449600       0.967900
     2687.810800       0.968000
     2688.172000       0.968000
     2688.533400       0.968100
     2688.894900       0.968200
     2689.256400       0.968300
     2689.618100       0.968400
     2689.979800       0.968400
     2690.341700       0.968500
     2690.703600       0.968600
     2691.065700       0.968700
     2691.427800       0.968700
     2691.790000       0.968700
     2692.152400       0.968800
     2692.514800       0.968700
     2692.877300       0.968700
     2693.240000       0.968600
     2693.602700       0.968500
     2693.965500       0.968400
     2694.328400       0.968200
     2694.691500       0.968100
     2695.054600       0.967900
     2695.417800       0.967700
     2695.781100       0.967600
     2696.144500       0.967500
     2696.508000       0.967400
     2696.871600       0.967400
     2697.235300       0.967500
     2697.599100       0.967600
     2697.963000       0.967800
     2698.327000       0.968100
     2698.691100       0.968400
     2699.055300       0.968800
     2699.419600       0.969200
     2699.784000       0.969600
     2700.148500       0.969900
     2700.513100       0.970200
     2700.877800       0.970500
     2701.242600       0.970700
     2701.607500       0.970800
     2701.972400       0.970800
     2702.337500       0.970700
     2702.702700       0.970600
     2703.068000       0.970500
     2703.433400       0.970300
     2703.798800       0.970200
     2704.164400       0.970100
     2704.530100       0.970000
     2704.895900       0.970000
     2705.261700       0.970100
     2705.627700       0.970200
     2705.993800       0.970500
     2706.359900       0.970800
     2706.726200       0.971100
     2707.092600       0.971500
     2707.459000       0.971900
     2707.825600       0.972400
     2708.192300       0.972800
     2708.559000       0.973200
     2708.925900       0.973500
     2709.292900       0.973900
     2709.659900       0.974200
     2710.027100       0.974400
     2710.394400       0.974700
     2710.761700       0.974900
     2711.129200       0.975000
     2711.496700       0.975200
     2711.864400       0.975400
     2712.232200       0.975500
     2712.600000       0.975700
     2712.968000       0.975900
     2713.336000       0.976100
     2713.704200       0.976300
     2714.072500       0.976500
     2714.440800       0.976800
     2714.809300       0.977100
     2715.177800       0.977400
     2715.546500       0.977700
     2715.915300       0.978000
     2716.284100       0.978400
     2716.653100       0.978700
     2717.022100       0.979100
     2717.391300       0.979500
     2717.760600       0.979900
     2718.129900       0.980200
     2718.499400       0.980600
     2718.869000       0.981000
     2719.238600       0.981300
     2719.608400       0.981600
     2719.978200       0.981900
     2720.348200       0.982100
     2720.718300       0.982200
     2721.088400       0.982400
     2721.458700       0.982400
     2721.829100       0.982500
     2722.199500       0.982500
     2722.570100       0.982500
     2722.940800       0.982600
     2723.311500       0.982600
     2723.682400       0.982700
     2724.053400       0.982800
     2724.424500       0.983000
     2724.795600       0.983200
     2725.166900       0.983500
     2725.538300       0.983800
     2725.909800       0.984200
     2726.281400       0.984600
     2726.653000       0.984900
     2727.024800       0.985300
     2727.396700       0.985700
     2727.768700       0.985900
     2728.140800       0.986200
     2728.513000       0.986400
     2728.885300       0.986500
     2729.257600       0.986500
     2729.630100       0.986600
     2730.002700       0.986500
     2730.375400       0.986500
     2730.748200       0.986400
     2731.121100       0.986400
     2731.494100       0.986400
     2731.867200       0.986400
     2732.240400       0.986500
     2732.613700       0.986700
     2732.987200       0.986800
     2733.360700       0.987100
     2733.734300       0.987300
     2734.108000       0.987600
     2734.481800       0.988000
     2734.855700       0.988300
     2735.229800       0.988600
     2735.603900       0.988800
     2735.978100       0.989100
     2736.352400       0.989300
     2736.726900       0.989500
     2737.101400       0.989700
     2737.476000       0.989800
     2737.850800       0.990000
     2738.225600       0.990100
     2738.600600       0.990200
     2738.975600       0.990300
     2739.350800       0.990400
     2739.726000       0.990500
     2740.101400       0.990600
     2740.476800       0.990700
     2740.852400       0.990900
     2741.228100       0.991000
     2741.603800       0.991200
     2741.979700       0.991400
     2742.355700       0.991600
     2742.731800       0.991800
     2743.107900       0.991900
     2743.484200       0.992100
     2743.860600       0.992300
     2744.237100       0.992400
     2744.613700       0.992600
     2744.990400       0.992700
     2745.367200       0.992800
     2745.744100       0.992900
     2746.121100       0.993000
     2746.498200       0.993100
     2746.875400       0.993200
     2747.252700       0.993300
     2747.630200       0.993400
     2748.007700       0.993500
     2748.385300       0.993600
     2748.763100       0.993700
     2749.140900       0.993800
     2749.518800       0.993900
     2749.896900       0.994000
     2750.275000       0.994200
     2750.653300       0.994300
     2751.031600       0.994500
     2751.410100       0.994600
     2751.788700       0.994900
     2752.167300       0.995100
     2752.546100       0.995300
     2752.925000       0.995600
     2753.304000       0.995800
     2753.683100       0.996000
     2754.062200       0.996300
     2754.441500       0.996500
     2754.820900       0.996700
     2755.200400       0.996900
     2755.580000       0.997000
     2755.959800       0.997100
     2756.339600       0.997200
     2756.719500       0.997300
     2757.099500       0.997300
     2757.479700       0.997400
     2757.859900       0.997400
     2758.240200       0.997500
     2758.620700       0.997600
     2759.001200       0.997600
     2759.381900       0.997700
     2759.762700       0.997900
     2760.143500       0.998000
     2760.524500       0.998200
     2760.905600       0.998400
     2761.286800       0.998500
     2761.668000       0.998700
     2762.049400       0.998900
     2762.430900       0.999100
     2762.812500       0.999300
     2763.194300       0.999400
     2763.576100       0.999600
     2763.958000       0.999700
     2764.340000       0.999800
     2764.722100       0.999900
     2765.104400       0.999900
     2765.486700       1.000000
     2765.869200       1.000000
     2766.251700       1.000000
     2766.634400       1.000000
     2767.017200       0.999900
     2767.400000       0.999900
     2767.783000       0.999800
     2768.166100       0.999700
     2768.549300       0.999600
     2768.932600       0.999500
     2769.316000       0.999400
     2769.699500       0.999300
     2770.083100       0.999200
     2770.466800       0.999100
     2770.850700       0.999000
     2771.234600       0.998800
     2771.618600       0.998700
     2772.002800       0.998600
     2772.387000       0.998500
     2772.771400       0.998400
     2773.155900       0.998300
     2773.540400       0.998200
     2773.925100       0.998100
     2774.309900       0.997900
     2774.694800       0.997700
     2775.079800       0.997500
     2775.464900       0.997300
     2775.850100       0.997100
     2776.235400       0.996900
     2776.620900       0.996600
     2777.006400       0.996300
     2777.392000       0.996100
     2777.777800       0.995800
     2778.163600       0.995500
     2778.549600       0.995300
     2778.935700       0.995000
     2779.321800       0.994800
     2779.708100       0.994500
     2780.094500       0.994300
     2780.481000       0.994100
     2780.867600       0.993900
     2781.254300       0.993700
     2781.641200       0.993500
     2782.028100       0.993300
     2782.415100       0.993100
     2782.802300       0.992900
     2783.189500       0.992800
     2783.576900       0.992600
     2783.964400       0.992500
     2784.351900       0.992300
     2784.739600       0.992200
     2785.127400       0.992100
     2785.515300       0.992000
     2785.903300       0.991800
     2786.291400       0.991700
     2786.679700       0.991600
     2787.068000       0.991500
     2787.456400       0.991500
     2787.845000       0.991400
     2788.233700       0.991300
     2788.622400       0.991300
     2789.011300       0.991200
     2789.400300       0.991200
     2789.789400       0.991200
     2790.178600       0.991200
     2790.567900       0.991200
     2790.957300       0.991200
     2791.346800       0.991300
     2791.736500       0.991300
     2792.126200       0.991400
     2792.516100       0.991400
     2792.906000       0.991500
     2793.296100       0.991500
     2793.686300       0.991500
     2794.076600       0.991500
     2794.467000       0.991500
     2794.857500       0.991500
     2795.248100       0.991500
     2795.638800       0.991400
     2796.029600       0.991400
     2796.420600       0.991400
     2796.811600       0.991400
     2797.202800       0.991400
     2797.594100       0.991500
     2797.985500       0.991500
     2798.376900       0.991700
     2798.768500       0.991800
     2799.160300       0.992000
     2799.552100       0.992200
     2799.944000       0.992400
     2800.336000       0.992600
     2800.728200       0.992800
     2801.120400       0.993000
     2801.512800       0.993200
     2801.905300       0.993300
     2802.297900       0.993500
     2802.690600       0.993600
     2803.083400       0.993600
     2803.476300       0.993700
     2803.869300       0.993700
     2804.262500       0.993700
     2804.655700       0.993800
     2805.049100       0.993800
     2805.442600       0.993700
     2805.836100       0.993700
     2806.229800       0.993700
     2806.623600       0.993700
     2807.017500       0.993700
     2807.411600       0.993700
     2807.805700       0.993600
     2808.199900       0.993600
     2808.594300       0.993500
     2808.988800       0.993500
     2809.383300       0.993400
     2809.778000       0.993400
     2810.172800       0.993300
     2810.567700       0.993200
     2810.962800       0.993100
     2811.357900       0.993000
     2811.753100       0.992900
     2812.148500       0.992800
     2812.543900       0.992800
     2812.939500       0.992700
     2813.335200       0.992600
     2813.731000       0.992500
     2814.126900       0.992500
     2814.522900       0.992400
     2814.919100       0.992300
     2815.315300       0.992200
     2815.711700       0.992100
     2816.108100       0.991900
     2816.504700       0.991700
     2816.901400       0.991400
     2817.298200       0.991100
     2817.695100       0.990700
     2818.092200       0.990200
     2818.489300       0.989800
     2818.886500       0.989200
     2819.283900       0.988700
     2819.681400       0.988100
     2820.079000       0.987600
     2820.476700       0.987000
     2820.874500       0.986500
     2821.272400       0.986000
     2821.670400       0.985500
     2822.068600       0.985000
     2822.466800       0.984600
     2822.865200       0.984100
     2823.263700       0.983700
     2823.662300       0.983200
     2824.061000       0.982700
     2824.459800       0.982100
     2824.858800       0.981500
     2825.257800       0.980800
     2825.657000       0.980100
     2826.056200       0.979400
     2826.455600       0.978600
     2826.855100       0.977800
     2827.254700       0.976900
     2827.654500       0.976100
     2828.054300       0.975200
     2828.454200       0.974400
     2828.854300       0.973500
     2829.254500       0.972700
     2829.654800       0.971900
     2830.055200       0.971100
     2830.455700       0.970200
     2830.856300       0.969300
     2831.257100       0.968400
     2831.657900       0.967500
     2832.058900       0.966500
     2832.460000       0.965400
     2832.861200       0.964300
     2833.262500       0.963000
     2833.663900       0.961700
     2834.065500       0.960300
     2834.467100       0.958900
     2834.868900       0.957400
     2835.270800       0.955900
     2835.672800       0.954300
     2836.074900       0.952600
     2836.477100       0.951000
     2836.879400       0.949300
     2837.281900       0.947600
     2837.684400       0.945800
     2838.087100       0.944000
     2838.489900       0.942100
     2838.892800       0.940200
     2839.295900       0.938200
     2839.699000       0.936100
     2840.102200       0.933900
     2840.505600       0.931600
     2840.909100       0.929300
     2841.312700       0.926800
     2841.716400       0.924200
     2842.120200       0.921600
     2842.524200       0.918800
     2842.928200       0.916000
     2843.332400       0.913200
     2843.736700       0.910200
     2844.141100       0.907200
     2844.545600       0.904200
     2844.950200       0.901100
     2845.355000       0.897900
     2845.759800       0.894600
     2846.164800       0.891300
     2846.569900       0.887800
     2846.975100       0.884300
     2847.380400       0.880600
     2847.785800       0.876800
     2848.191400       0.872900
     2848.597100       0.868800
     2849.002800       0.864600
     2849.408700       0.860300
     2849.814800       0.855900
     2850.220900       0.851400
     2850.627100       0.846800
     2851.033500       0.842100
     2851.440000       0.837300
     2851.846600       0.832500
     2852.253300       0.827600
     2852.660100       0.822700
     2853.067000       0.817700
     2853.474100       0.812700
     2853.881300       0.807600
     2854.288600       0.802500
     2854.696000       0.797300
     2855.103500       0.792200
     2855.511100       0.786900
     2855.918900       0.781700
     2856.326800       0.776400
     2856.734800       0.771100
     2857.142900       0.765700
     2857.551100       0.760400
     2857.959400       0.754900
     2858.367900       0.749500
     2858.776400       0.743900
     2859.185100       0.738300
     2859.593900       0.732700
     2860.002900       0.727000
     2860.411900       0.721300
     2860.821100       0.715500
     2861.230300       0.709700
     2861.639700       0.703800
     2862.049200       0.697900
     2862.458900       0.691900
     2862.868600       0.685900
     2863.278500       0.679900
     2863.688400       0.673900
     2864.098500       0.667800
     2864.508700       0.661700
     2864.919100       0.655600
     2865.329500       0.649500
     2865.740100       0.643400
     2866.150800       0.637200
     2866.561600       0.631000
     2866.972500       0.624800
     2867.383500       0.618600
     2867.794700       0.612300
     2868.205900       0.606100
     2868.617300       0.599800
     2869.028800       0.593600
     2869.440500       0.587300
     2869.852200       0.581100
     2870.264100       0.574900
     2870.676000       0.568600
     2871.088100       0.562500
     2871.500400       0.556300
     2871.912700       0.550200
     2872.325100       0.544100
     2872.737700       0.538000
     2873.150400       0.531900
     2873.563200       0.525900
     2873.976100       0.519900
     2874.389200       0.513900
     2874.802400       0.507900
     2875.215600       0.501900
     2875.629000       0.496000
     2876.042600       0.490000
     2876.456200       0.484100
     2876.870000       0.478200
     2877.283800       0.472300
     2877.697800       0.466500
     2878.112000       0.460600
     2878.526200       0.454800
     2878.940500       0.449000
     2879.355000       0.443300
     2879.769600       0.437600
     2880.184300       0.431900
     2880.599200       0.426200
     2881.014100       0.420600
     2881.429200       0.415000
     2881.844400       0.409500
     2882.259700       0.404000
     2882.675100       0.398600
     2883.090700       0.393200
     2883.506300       0.387900
     2883.922100       0.382600
     2884.338000       0.377400
     2884.754100       0.372200
     2885.170200       0.367100
     2885.586500       0.362000
     2886.002900       0.357000
     2886.419400       0.352000
     2886.836000       0.347100
     2887.252800       0.342200
     2887.669700       0.337300
     2888.086600       0.332500
     2888.503800       0.327700
     2888.921000       0.322900
     2889.338300       0.318200
     2889.755800       0.313600
     2890.173400       0.309000
     2890.591100       0.304400
     2891.009000       0.299900
     2891.426900       0.295500
     2891.845000       0.291100
     2892.263200       0.286800
     2892.681500       0.282500
     2893.100000       0.278200
     2893.518500       0.274100
     2893.937200       0.270000
     2894.356000       0.265900
     2894.774900       0.261900
     2895.194000       0.258000
     2895.613100       0.254100
     2896.032400       0.250200
     2896.451800       0.246500
     2896.871400       0.242700
     2897.291000       0.239100
     2897.710800       0.235500
     2898.130700       0.231900
     2898.550700       0.228400
     2898.970900       0.224900
     2899.391100       0.221500
     2899.811500       0.218200
     2900.232000       0.214800
     2900.652600       0.211600
     2901.073400       0.208400
     2901.494300       0.205200
     2901.915300       0.202100
     2902.336400       0.199000
     2902.757600       0.196000
     2903.179000       0.193000
     2903.600500       0.190100
     2904.022100       0.187200
     2904.443800       0.184300
     2904.865600       0.181500
     2905.287600       0.178700
     2905.709700       0.176000
     2906.131900       0.173300
     2906.554300       0.170600
     2906.976700       0.167900
     2907.399300       0.165300
     2907.822000       0.162800
     2908.244900       0.160200
     2908.667800       0.157700
     2909.090900       0.155200
     2909.514100       0.152800
     2909.937400       0.150400
     2910.360900       0.148000
     2910.784500       0.145700
     2911.208200       0.143400
     2911.632000       0.141200
     2912.055900       0.139000
     2912.480000       0.136800
     2912.904200       0.134700
     2913.328500       0.132500
     2913.752900       0.130500
     2914.177500       0.128400
     2914.602200       0.126400
     2915.027000       0.124400
     2915.451900       0.122400
     2915.876900       0.120500
     2916.302100       0.118600
     2916.727400       0.116700
     2917.152900       0.114900
     2917.578400       0.113100
     2918.004100       0.111300
     2918.429900       0.109500
     2918.855800       0.107800
     2919.281900       0.106100
     2919.708000       0.104400
     2920.134300       0.102800
     2920.560700       0.101200
     2920.987300       0.099700
     2921.414000       0.098100
     2921.840800       0.096600
     2922.267700       0.095200
     2922.694700       0.093800
     2923.121900       0.092400
     2923.549200       0.091000
     2923.976600       0.089600
     2924.404200       0.088300
     2924.831800       0.087000
     2925.259600       0.085700
     2925.687500       0.084400
     2926.115600       0.083200
     2926.543800       0.081900
     2926.972000       0.080700
     2927.400500       0.079500
     2927.829000       0.078400
     2928.257700       0.077200
     2928.686500       0.076100
     2929.115400       0.075000
     2929.544500       0.073900
     2929.973600       0.072900
     2930.402900       0.071900
     2930.832400       0.070900
     2931.261900       0.069900
     2931.691600       0.069000
     2932.121400       0.068100
     2932.551300       0.067200
     2932.981400       0.066300
     2933.411600       0.065400
     2933.841900       0.064500
     2934.272300       0.063600
     2934.702900       0.062800
     2935.133500       0.061900
     2935.564400       0.061100
     2935.995300       0.060200
     2936.426400       0.059400
     2936.857600       0.058600
     2937.288900       0.057800
     2937.720300       0.057000
     2938.151900       0.056200
     2938.583600       0.055400
     2939.015400       0.054600
     2939.447400       0.053800
     2939.879500       0.053100
     2940.311700       0.052300
     2940.744000       0.051600
     2941.176500       0.050900
     2941.609100       0.050200
     2942.041800       0.049500
     2942.474600       0.048900
     2942.907600       0.048200
     2943.340700       0.047600
     2943.773900       0.047000
     2944.207300       0.046400
     2944.640800       0.045800
     2945.074400       0.045200
     2945.508100       0.044600
     2945.942000       0.044100
     2946.376000       0.043500
     2946.810100       0.043000
     2947.244300       0.042500
     2947.678700       0.042000
     2948.113200       0.041500
     2948.547800       0.040900
     2948.982600       0.040400
     2949.417500       0.039900
     2949.852500       0.039400
     2950.287700       0.038900
     2950.722900       0.038400
     2951.158300       0.038000
     2951.593900       0.037500
     2952.029500       0.037000
     2952.465300       0.036500
     2952.901200       0.036100
     2953.337300       0.035600
     2953.773400       0.035200
     2954.209700       0.034700
     2954.646200       0.034300
     2955.082700       0.033900
     2955.519400       0.033500
     2955.956300       0.033100
     2956.393200       0.032700
     2956.830300       0.032300
     2957.267500       0.031900
     2957.704800       0.031500
     2958.142300       0.031100
     2958.579900       0.030800
     2959.017600       0.030400
     2959.455500       0.030100
     2959.893400       0.029700
     2960.331600       0.029300
     2960.769800       0.029000
     2961.208200       0.028600
     2961.646700       0.028300
     2962.085300       0.027900
     2962.524100       0.027600
     2962.963000       0.027200
     2963.402000       0.026900
     2963.841100       0.026500
     2964.280400       0.026200
     2964.719800       0.025900
     2965.159400       0.025600
     2965.599100       0.025200
     2966.038900       0.024900
     2966.478800       0.024600
     2966.918900       0.024300
     2967.359100       0.024000
     2967.799400       0.023800
     2968.239800       0.023500
     2968.680400       0.023200
     2969.121100       0.023000
     2969.562000       0.022800
     2970.003000       0.022500
     2970.444100       0.022300
     2970.885300       0.022100
     2971.326700       0.021800
     2971.768200       0.021600
     2972.209800       0.021400
     2972.651600       0.021200
     2973.093500       0.020900
     2973.535500       0.020700
     2973.977700       0.020500
     2974.420000       0.020300
     2974.862400       0.020000
     2975.305000       0.019800
     2975.747700       0.019600
     2976.190500       0.019400
     2976.633400       0.019200
     2977.076500       0.019000
     2977.519700       0.018800
     2977.963100       0.018600
     2978.406600       0.018400
     2978.850200       0.018200
     2979.293900       0.018000
     2979.737800       0.017900
     2980.181800       0.017700
     2980.625900       0.017500
     2981.070200       0.017400
     2981.514600       0.017200
     2981.959100       0.017100
     2982.403800       0.017000
     2982.848600       0.016800
     2983.293600       0.016700
     2983.738600       0.016600
     2984.183800       0.016400
     2984.629200       0.016300
     2985.074600       0.016200
     2985.520200       0.016100
     2985.966000       0.016000
     2986.411800       0.015900
     2986.857800       0.015700
     2987.304000       0.015600
     2987.750200       0.015500
     2988.196600       0.015300
     2988.643200       0.015200
     2989.089800       0.015100
     2989.536600       0.014900
     2989.983600       0.014800
     2990.430600       0.014600
     2990.877800       0.014500
     2991.325200       0.014400
     2991.772600       0.014300
     2992.220200       0.014100
     2992.668000       0.014000
     2993.115800       0.013900
     2993.563800       0.013800
     2994.012000       0.013700
     2994.460200       0.013600
     2994.908700       0.013600
     2995.357200       0.013500
     2995.805900       0.013400
     2996.254700       0.013300
     2996.703600       0.013300
     2997.152700       0.013200
     2997.601900       0.013200
     2998.051300       0.013100
     2998.500700       0.013000
     2998.950400       0.013000
     2999.400100       0.012900
     2999.850000       0.012800
     3000.300000       0.012700
     3000.750200       0.012700
     3001.200500       0.012600
     3001.650900       0.012500
     3002.101500       0.012400
     3002.552200       0.012300
     3003.003000       0.012200
     3003.454000       0.012100
     3003.905100       0.011900
     3004.356300       0.011800
     3004.807700       0.011700
     3005.259200       0.011600
     3005.710900       0.011500
     3006.162600       0.011400
     3006.614600       0.011300
     3007.066600       0.011200
     3007.518800       0.011100
     3007.971100       0.011000
     3008.423600       0.010900
     3008.876200       0.010800
     3009.328900       0.010700
     3009.781800       0.010600
     3010.234800       0.010600
     3010.687900       0.010500
     3011.141200       0.010500
     3011.594600       0.010400
     3012.048200       0.010300
     3012.501900       0.010300
     3012.955700       0.010300
     3013.409700       0.010200
     3013.863800       0.010200
     3014.318000       0.010200
     3014.772400       0.010200
     3015.226900       0.010200
     3015.681500       0.010200
     3016.136300       0.010200
     3016.591300       0.010200
     3017.046300       0.010200
     3017.501500       0.010200
     3017.956800       0.010200
     3018.412300       0.010100
     3018.867900       0.010100
     3019.323700       0.010000
     3019.779600       0.009900
     3020.235600       0.009900
     3020.691700       0.009800
     3021.148000       0.009700
     3021.604500       0.009600
     3022.061000       0.009500
     3022.517800       0.009500
     3022.974600       0.009400
     3023.431600       0.009300
     3023.888700       0.009200
     3024.346000       0.009100
     3024.803400       0.009000
     3025.260900       0.008900
     3025.718600       0.008900
     3026.176400       0.008800
     3026.634400       0.008700
     3027.092500       0.008600
     3027.550700       0.008500
     3028.009100       0.008400
     3028.467600       0.008300
     3028.926200       0.008200
     3029.385000       0.008200
     3029.844000       0.008100
     3030.303000       0.008000
     3030.762200       0.007900
     3031.221600       0.007800
     3031.681100       0.007700
     3032.140700       0.007600
     3032.600500       0.007500
     3033.060400       0.007400
     3033.520400       0.007400
     3033.980600       0.007300
     3034.440900       0.007300
     3034.901400       0.007200
     3035.362000       0.007200
     3035.822700       0.007200
     3036.283600       0.007200
     3036.744600       0.007200
     3037.205800       0.007100
     3037.667100       0.007100
     3038.128500       0.007100
     3038.590100       0.007000
     3039.051800       0.007000
     3039.513700       0.007000
     3039.975700       0.006900
     3040.437800       0.006900
     3040.900100       0.006800
     3041.362500       0.006700
     3041.825100       0.006700
     3042.287800       0.006600
     3042.750600       0.006500
     3043.213600       0.006500
     3043.676800       0.006400
     3044.140000       0.006300
     3044.603400       0.006300
     3045.067000       0.006200
     3045.530700       0.006200
     3045.994500       0.006100
     3046.458500       0.006100
     3046.922600       0.006000
     3047.386900       0.006000
     3047.851300       0.005900
     3048.315800       0.005900
     3048.780500       0.005900
     3049.245300       0.005900
     3049.710300       0.005900
     3050.175400       0.005900
     3050.640600       0.005900
     3051.106000       0.005800
     3051.571600       0.005800
     3052.037200       0.005800
     3052.503100       0.005800
     3052.969000       0.005800
     3053.435100       0.005800
     3053.901400       0.005800
     3054.367700       0.005800
     3054.834300       0.005800
     3055.300900       0.005700
     3055.767800       0.005700
     3056.234700       0.005700
     3056.701800       0.005700
     3057.169100       0.005600
     3057.636400       0.005600
     3058.104000       0.005600
     3058.571600       0.005500
     3059.039500       0.005500
     3059.507400       0.005500
     3059.975500       0.005400
     3060.443800       0.005400
     3060.912200       0.005400
     3061.380700       0.005400
     3061.849400       0.005400
     3062.318200       0.005400
     3062.787100       0.005400
     3063.256200       0.005400
     3063.725500       0.005300
     3064.194900       0.005300
     3064.664400       0.005300
     3065.134100       0.005200
     3065.603900       0.005200
     3066.073900       0.005100
     3066.544000       0.005100
     3067.014300       0.005000
     3067.484700       0.004900
     3067.955200       0.004900
     3068.425900       0.004800
     3068.896700       0.004800
     3069.367700       0.004700
     3069.838800       0.004700
     3070.310100       0.004600
     3070.781500       0.004600
     3071.253100       0.004600
     3071.724800       0.004500
     3072.196600       0.004500
     3072.668600       0.004500
     3073.140700       0.004500
     3073.613000       0.004500
     3074.085500       0.004500
     3074.558000       0.004400
     3075.030800       0.004400
     3075.503600       0.004400
     3075.976600       0.004400
     3076.449800       0.004300
     3076.923100       0.004300
     3077.396500       0.004300
     3077.870100       0.004200
     3078.343900       0.004200
     3078.817700       0.004200
     3079.291800       0.004200
     3079.765900       0.004200
     3080.240300       0.004200
     3080.714700       0.004200
     3081.189300       0.004200
     3081.664100       0.004200
     3082.139000       0.004300
     3082.614100       0.004300
     3083.089300       0.004300
     3083.564600       0.004300
     3084.040100       0.004300
     3084.515700       0.004300
     3084.991500       0.004300
     3085.467400       0.004200
     3085.943500       0.004200
     3086.419800       0.004200
     3086.896100       0.004100
     3087.372600       0.004000
     3087.849300       0.004000
     3088.326100       0.003900
     3088.803100       0.003900
     3089.280200       0.003800
     3089.757500       0.003700
     3090.234900       0.003700
     3090.712400       0.003600
     3091.190100       0.003600
     3091.668000       0.003600
     3092.145900       0.003600
     3092.624100       0.003600
     3093.102400       0.003600
     3093.580800       0.003600
     3094.059400       0.003700
     3094.538100       0.003700
     3095.017000       0.003700
     3095.496100       0.003700
     3095.975200       0.003700
     3096.454600       0.003700
     3096.934000       0.003700
     3097.413700       0.003700
     3097.893400       0.003700
     3098.373400       0.003600
     3098.853400       0.003600
     3099.333600       0.003500
     3099.814000       0.003500
     3100.294500       0.003400
     3100.775200       0.003400
     3101.256000       0.003400
     3101.737000       0.003300
     3102.218100       0.003300
     3102.699300       0.003300
     3103.180800       0.003300
     3103.662300       0.003300
     3104.144000       0.003300
     3104.625900       0.003300
     3105.107900       0.003400
     3105.590100       0.003400
     3106.072400       0.003500
     3106.554800       0.003500
     3107.037400       0.003500
     3107.520200       0.003500
     3108.003100       0.003500
     3108.486200       0.003500
     3108.969400       0.003500
     3109.452700       0.003500
     3109.936200       0.003500
     3110.419900       0.003500
     3110.903700       0.003400
     3111.387700       0.003400
     3111.871800       0.003400
     3112.356100       0.003300
     3112.840500       0.003300
     3113.325000       0.003200
     3113.809700       0.003200
     3114.294600       0.003200
     3114.779600       0.003100
     3115.264800       0.003100
     3115.750100       0.003100
     3116.235600       0.003100
     3116.721200       0.003100
     3117.207000       0.003000
     3117.692900       0.003000
     3118.179000       0.003000
     3118.665200       0.003000
     3119.151600       0.002900
     3119.638100       0.002900
     3120.124800       0.002900
     3120.611600       0.002900
     3121.098600       0.002900
     3121.585800       0.002900
     3122.073100       0.002900
     3122.560500       0.002900
     3123.048100       0.003000
     3123.535800       0.003100
     3124.023700       0.003200
     3124.511800       0.003200
     3125.000000       0.003300
     3125.488400       0.003400
     3125.976900       0.003500
     3126.465500       0.003600
     3126.954300       0.003600
     3127.443300       0.003700
     3127.932400       0.003700
     3128.421700       0.003800
     3128.911100       0.003800
     3129.400700       0.003800
     3129.890500       0.003800
     3130.380300       0.003800
     3130.870400       0.003800
     3131.360600       0.003800
     3131.850900       0.003800
     3132.341400       0.003800
     3132.832100       0.003800
     3133.322900       0.003800
     3133.813900       0.003800
     3134.305000       0.003800
     3134.796200       0.003800
     3135.287700       0.003700
     3135.779200       0.003700
     3136.271000       0.003700
     3136.762900       0.003700
     3137.254900       0.003700
     3137.747100       0.003700
     3138.239400       0.003700
     3138.732000       0.003600
     3139.224600       0.003600
     3139.717400       0.003600
     3140.210400       0.003600
     3140.703500       0.003500
     3141.196800       0.003500
     3141.690200       0.003400
     3142.183800       0.003400
     3142.677600       0.003400
     3143.171500       0.003300
     3143.665500       0.003300
     3144.159700       0.003300
     3144.654100       0.003200
     3145.148600       0.003200
     3145.643300       0.003200
     3146.138100       0.003200
     3146.633100       0.003200
     3147.128200       0.003300
     3147.623500       0.003300
     3148.119000       0.003300
     3148.614600       0.003400
     3149.110400       0.003400
     3149.606300       0.003400
     3150.102400       0.003500
     3150.598600       0.003500
     3151.095000       0.003500
     3151.591600       0.003600
     3152.088300       0.003600
     3152.585100       0.003600
     3153.082100       0.003600
     3153.579300       0.003600
     3154.076600       0.003600
     3154.574100       0.003600
     3155.071800       0.003600
     3155.569600       0.003600
     3156.067500       0.003600
     3156.565700       0.003600
     3157.063900       0.003600
     3157.562400       0.003600
     3158.061000       0.003600
     3158.559700       0.003700
     3159.058600       0.003700
     3159.557700       0.003700
     3160.056900       0.003700
     3160.556300       0.003700
     3161.055800       0.003700
     3161.555500       0.003800
     3162.055300       0.003800
     3162.555300       0.003900
     3163.055500       0.003900
     3163.555800       0.003900
     3164.056300       0.004000
     3164.557000       0.004000
     3165.057800       0.004100
     3165.558700       0.004100
     3166.059800       0.004100
     3166.561100       0.004200
     3167.062500       0.004200
     3167.564100       0.004200
     3168.065900       0.004200
     3168.567800       0.004200
     3169.069900       0.004200
     3169.572100       0.004200
     3170.074500       0.004200
     3170.577000       0.004100
     3171.079800       0.004100
     3171.582600       0.004100
     3172.085600       0.004000
     3172.588800       0.004000
     3173.092200       0.004000
     3173.595700       0.003900
     3174.099300       0.003900
     3174.603200       0.003900
     3175.107200       0.003900
     3175.611300       0.003900
     3176.115600       0.003900
     3176.620100       0.003900
     3177.124700       0.003900
     3177.629500       0.003900
     3178.134400       0.003900
     3178.639500       0.004000
     3179.144800       0.004000
     3179.650200       0.004000
     3180.155800       0.004000
     3180.661600       0.004000
     3181.167500       0.004100
     3181.673600       0.004100
     3182.179800       0.004100
     3182.686200       0.004100
     3183.192700       0.004100
     3183.699500       0.004100
     3184.206300       0.004100
     3184.713400       0.004100
     3185.220600       0.004100
     3185.727900       0.004100
     3186.235500       0.004100
     3186.743100       0.004100
     3187.251000       0.004100
     3187.759000       0.004100
     3188.267200       0.004000
     3188.775500       0.004000
     3189.284000       0.004000
     3189.792700       0.003900
     3190.301500       0.003900
     3190.810500       0.003800
     3191.319600       0.003800
     3191.828900       0.003800
     3192.338400       0.003800
     3192.848000       0.003800
     3193.357800       0.003800
     3193.867800       0.003900
     3194.377900       0.003900
     3194.888200       0.003900
     3195.398600       0.004000
     3195.909200       0.004000
     3196.420000       0.004100
     3196.930900       0.004200
     3197.442000       0.004200
     3197.953300       0.004300
     3198.464700       0.004300
     3198.976300       0.004400
     3199.488100       0.004400
     3200.000000       0.004400
     3200.512100       0.004400
     3201.024300       0.004400
     3201.536700       0.004400
     3202.049300       0.004400
     3202.562000       0.004400
     3203.075000       0.004400
     3203.588000       0.004400
     3204.101200       0.004400
     3204.614600       0.004500
     3205.128200       0.004500
     3205.641900       0.004500
     3206.155800       0.004500
     3206.669900       0.004600
     3207.184100       0.004600
     3207.698500       0.004600
     3208.213000       0.004700
     3208.727700       0.004700
     3209.242600       0.004700
     3209.757700       0.004700
     3210.272900       0.004700
     3210.788200       0.004700
     3211.303800       0.004700
     3211.819500       0.004700
     3212.335400       0.004700
     3212.851400       0.004600
     3213.367600       0.004600
     3213.884000       0.004500
     3214.400500       0.004500
     3214.917200       0.004400
     3215.434100       0.004400
     3215.951100       0.004300
     3216.468300       0.004200
     3216.985700       0.004200
     3217.503200       0.004100
     3218.020900       0.004100
     3218.538800       0.004000
     3219.056800       0.004000
     3219.575000       0.004000
     3220.093400       0.003900
     3220.611900       0.003900
     3221.130600       0.003900
     3221.649500       0.003900
     3222.168500       0.003900
     3222.687700       0.003900
     3223.207100       0.003900
     3223.726600       0.004000
     3224.246300       0.004000
     3224.766200       0.004000
     3225.286200       0.004000
     3225.806500       0.004000
     3226.326800       0.004000
     3226.847400       0.004000
     3227.368100       0.004000
     3227.889000       0.004000
     3228.410000       0.004000
     3228.931200       0.004000
     3229.452600       0.004000
     3229.974200       0.004000
     3230.495900       0.004000
     3231.017800       0.003900
     3231.539800       0.003900
     3232.062100       0.003800
     3232.584500       0.003800
     3233.107000       0.003700
     3233.629700       0.003700
     3234.152700       0.003600
     3234.675700       0.003600
     3235.199000       0.003600
     3235.722400       0.003500
     3236.246000       0.003500
     3236.769700       0.003500
     3237.293600       0.003500
     3237.817700       0.003500
     3238.342000       0.003500
     3238.866400       0.003600
     3239.391000       0.003600
     3239.915800       0.003700
     3240.440700       0.003700
     3240.965800       0.003800
     3241.491100       0.003800
     3242.016500       0.003900
     3242.542200       0.003900
     3243.067900       0.003900
     3243.593900       0.003900
     3244.120000       0.003800
     3244.646300       0.003800
     3245.172800       0.003800
