15 , GT_F1_CFPA_RSR_Release1.0_Best_M11_v3_ib_oob.txt
Number of data points:
1801
Wavenumber (cm-1)   Filter response
     4200.000000       0.000123
     4200.250000       0.000123
     4200.500000       0.000124
     4200.750000       0.000125
     4201.000000       0.000125
     4201.250000       0.000126
     4201.500000       0.000127
     4201.750000       0.000127
     4202.000000       0.000128
     4202.250000       0.000129
     4202.500000       0.000129
     4202.750000       0.000130
     4203.000000       0.000131
     4203.250000       0.000131
     4203.500000       0.000132
     4203.750000       0.000133
     4204.000000       0.000133
     4204.250000       0.000134
     4204.500000       0.000135
     4204.750000       0.000136
     4205.000000       0.000136
     4205.250000       0.000137
     4205.500000       0.000138
     4205.750000       0.000138
     4206.000000       0.000139
     4206.250000       0.000140
     4206.500000       0.000140
     4206.750000       0.000141
     4207.000000       0.000142
     4207.250000       0.000142
     4207.500000       0.000143
     4207.750000       0.000144
     4208.000000       0.000144
     4208.250000       0.000145
     4208.500000       0.000146
     4208.750000       0.000146
     4209.000000       0.000148
     4209.250000       0.000150
     4209.500000       0.000151
     4209.750000       0.000153
     4210.000000       0.000154
     4210.250000       0.000156
     4210.500000       0.000158
     4210.750000       0.000159
     4211.000000       0.000161
     4211.250000       0.000162
     4211.500000       0.000164
     4211.750000       0.000165
     4212.000000       0.000167
     4212.250000       0.000169
     4212.500000       0.000170
     4212.750000       0.000172
     4213.000000       0.000173
     4213.250000       0.000175
     4213.500000       0.000176
     4213.750000       0.000178
     4214.000000       0.000180
     4214.250000       0.000181
     4214.500000       0.000183
     4214.750000       0.000184
     4215.000000       0.000186
     4215.250000       0.000188
     4215.500000       0.000189
     4215.750000       0.000191
     4216.000000       0.000192
     4216.250000       0.000194
     4216.500000       0.000195
     4216.750000       0.000197
     4217.000000       0.000199
     4217.250000       0.000200
     4217.500000       0.000202
     4217.750000       0.000203
     4218.000000       0.000205
     4218.250000       0.000207
     4218.500000       0.000208
     4218.750000       0.000210
     4219.000000       0.000211
     4219.250000       0.000213
     4219.500000       0.000214
     4219.750000       0.000216
     4220.000000       0.000218
     4220.250000       0.000219
     4220.500000       0.000221
     4220.750000       0.000222
     4221.000000       0.000224
     4221.250000       0.000226
     4221.500000       0.000227
     4221.750000       0.000229
     4222.000000       0.000230
     4222.250000       0.000232
     4222.500000       0.000233
     4222.750000       0.000235
     4223.000000       0.000237
     4223.250000       0.000238
     4223.500000       0.000240
     4223.750000       0.000241
     4224.000000       0.000243
     4224.250000       0.000245
     4224.500000       0.000246
     4224.750000       0.000248
     4225.000000       0.000249
     4225.250000       0.000251
     4225.500000       0.000252
     4225.750000       0.000254
     4226.000000       0.000256
     4226.250000       0.000257
     4226.500000       0.000259
     4226.750000       0.000260
     4227.000000       0.000262
     4227.250000       0.000263
     4227.500000       0.000265
     4227.750000       0.000267
     4228.000000       0.000268
     4228.250000       0.000270
     4228.500000       0.000271
     4228.750000       0.000273
     4229.000000       0.000275
     4229.250000       0.000276
     4229.500000       0.000278
     4229.750000       0.000279
     4230.000000       0.000281
     4230.250000       0.000282
     4230.500000       0.000284
     4230.750000       0.000286
     4231.000000       0.000287
     4231.250000       0.000289
     4231.500000       0.000290
     4231.750000       0.000292
     4232.000000       0.000294
     4232.250000       0.000295
     4232.500000       0.000297
     4232.750000       0.000298
     4233.000000       0.000300
     4233.250000       0.000301
     4233.500000       0.000303
     4233.750000       0.000305
     4234.000000       0.000306
     4234.250000       0.000308
     4234.500000       0.000309
     4234.750000       0.000311
     4235.000000       0.000313
     4235.250000       0.000314
     4235.500000       0.000316
     4235.750000       0.000317
     4236.000000       0.000319
     4236.250000       0.000320
     4236.500000       0.000322
     4236.750000       0.000324
     4237.000000       0.000325
     4237.250000       0.000327
     4237.500000       0.000331
     4237.750000       0.000335
     4238.000000       0.000339
     4238.250000       0.000343
     4238.500000       0.000347
     4238.750000       0.000352
     4239.000000       0.000356
     4239.250000       0.000360
     4239.500000       0.000364
     4239.750000       0.000369
     4240.000000       0.000373
     4240.250000       0.000377
     4240.500000       0.000381
     4240.750000       0.000385
     4241.000000       0.000390
     4241.250000       0.000394
     4241.500000       0.000398
     4241.750000       0.000402
     4242.000000       0.000407
     4242.250000       0.000411
     4242.500000       0.000415
     4242.750000       0.000419
     4243.000000       0.000423
     4243.250000       0.000428
     4243.500000       0.000432
     4243.750000       0.000436
     4244.000000       0.000440
     4244.250000       0.000445
     4244.500000       0.000449
     4244.750000       0.000453
     4245.000000       0.000457
     4245.250000       0.000461
     4245.500000       0.000466
     4245.750000       0.000470
     4246.000000       0.000474
     4246.250000       0.000478
     4246.500000       0.000483
     4246.750000       0.000487
     4247.000000       0.000491
     4247.250000       0.000495
     4247.500000       0.000499
     4247.750000       0.000504
     4248.000000       0.000508
     4248.250000       0.000512
     4248.500000       0.000516
     4248.750000       0.000521
     4249.000000       0.000525
     4249.250000       0.000529
     4249.500000       0.000533
     4249.750000       0.000537
     4250.000000       0.000542
     4250.250000       0.000546
     4250.500000       0.000550
     4250.750000       0.000554
     4251.000000       0.000559
     4251.250000       0.000563
     4251.500000       0.000567
     4251.750000       0.000571
     4252.000000       0.000575
     4252.250000       0.000580
     4252.500000       0.000584
     4252.750000       0.000588
     4253.000000       0.000592
     4253.250000       0.000597
     4253.500000       0.000601
     4253.750000       0.000605
     4254.000000       0.000609
     4254.250000       0.000613
     4254.500000       0.000618
     4254.750000       0.000622
     4255.000000       0.000626
     4255.250000       0.000630
     4255.500000       0.000635
     4255.750000       0.000639
     4256.000000       0.000643
     4256.250000       0.000647
     4256.500000       0.000651
     4256.750000       0.000656
     4257.000000       0.000660
     4257.250000       0.000664
     4257.500000       0.000668
     4257.750000       0.000673
     4258.000000       0.000677
     4258.250000       0.000681
     4258.500000       0.000685
     4258.750000       0.000689
     4259.000000       0.000694
     4259.250000       0.000698
     4259.500000       0.000702
     4259.750000       0.000706
     4260.000000       0.000711
     4260.250000       0.000715
     4260.500000       0.000719
     4260.750000       0.000723
     4261.000000       0.000727
     4261.250000       0.000732
     4261.500000       0.000736
     4261.750000       0.000740
     4262.000000       0.000744
     4262.250000       0.000749
     4262.500000       0.000753
     4262.750000       0.000757
     4263.000000       0.000761
     4263.250000       0.000765
     4263.500000       0.000770
     4263.750000       0.000774
     4264.000000       0.000778
     4264.250000       0.000782
     4264.500000       0.000787
     4264.750000       0.000791
     4265.000000       0.000795
     4265.250000       0.000799
     4265.500000       0.000803
     4265.750000       0.000808
     4266.000000       0.000812
     4266.250000       0.000816
     4266.500000       0.000818
     4266.750000       0.000821
     4267.000000       0.000823
     4267.250000       0.000826
     4267.500000       0.000828
     4267.750000       0.000831
     4268.000000       0.000833
     4268.250000       0.000836
     4268.500000       0.000839
     4268.750000       0.000841
     4269.000000       0.000844
     4269.250000       0.000846
     4269.500000       0.000849
     4269.750000       0.000851
     4270.000000       0.000854
     4270.250000       0.000856
     4270.500000       0.000859
     4270.750000       0.000861
     4271.000000       0.000864
     4271.250000       0.000867
     4271.500000       0.000869
     4271.750000       0.000872
     4272.000000       0.000874
     4272.250000       0.000877
     4272.500000       0.000879
     4272.750000       0.000882
     4273.000000       0.000884
     4273.250000       0.000887
     4273.500000       0.000889
     4273.750000       0.000892
     4274.000000       0.000894
     4274.250000       0.000897
     4274.500000       0.000900
     4274.750000       0.000902
     4275.000000       0.000905
     4275.250000       0.000907
     4275.500000       0.000910
     4275.750000       0.000912
     4276.000000       0.000915
     4276.250000       0.000918
     4276.500000       0.000921
     4276.750000       0.000924
     4277.000000       0.000927
     4277.250000       0.000930
     4277.500000       0.000933
     4277.750000       0.000936
     4278.000000       0.000940
     4278.250000       0.000943
     4278.500000       0.000946
     4278.750000       0.000949
     4279.000000       0.000952
     4279.250000       0.000956
     4279.500000       0.000959
     4279.750000       0.000962
     4280.000000       0.000966
     4280.250000       0.000969
     4280.500000       0.000972
     4280.750000       0.000975
     4281.000000       0.000979
     4281.250000       0.000983
     4281.500000       0.000986
     4281.750000       0.000990
     4282.000000       0.000994
     4282.250000       0.000997
     4282.500000       0.001001
     4282.750000       0.001005
     4283.000000       0.001009
     4283.250000       0.001012
     4283.500000       0.001016
     4283.750000       0.001019
     4284.000000       0.001023
     4284.250000       0.001026
     4284.500000       0.001030
     4284.750000       0.001033
     4285.000000       0.001037
     4285.250000       0.001040
     4285.500000       0.001042
     4285.750000       0.001045
     4286.000000       0.001047
     4286.250000       0.001050
     4286.500000       0.001052
     4286.750000       0.001054
     4287.000000       0.001057
     4287.250000       0.001059
     4287.500000       0.001061
     4287.750000       0.001063
     4288.000000       0.001065
     4288.250000       0.001067
     4288.500000       0.001069
     4288.750000       0.001071
     4289.000000       0.001073
     4289.250000       0.001075
     4289.500000       0.001077
     4289.750000       0.001079
     4290.000000       0.001080
     4290.250000       0.001082
     4290.500000       0.001083
     4290.750000       0.001084
     4291.000000       0.001084
     4291.250000       0.001085
     4291.500000       0.001086
     4291.750000       0.001087
     4292.000000       0.001088
     4292.250000       0.001089
     4292.500000       0.001090
     4292.750000       0.001091
     4293.000000       0.001093
     4293.250000       0.001095
     4293.500000       0.001096
     4293.750000       0.001097
     4294.000000       0.001098
     4294.250000       0.001098
     4294.500000       0.001099
     4294.750000       0.001099
     4295.000000       0.001100
     4295.250000       0.001100
     4295.500000       0.001100
     4295.750000       0.001100
     4296.000000       0.001101
     4296.250000       0.001101
     4296.500000       0.001102
     4296.750000       0.001102
     4297.000000       0.001103
     4297.250000       0.001103
     4297.500000       0.001103
     4297.750000       0.001102
     4298.000000       0.001102
     4298.250000       0.001101
     4298.500000       0.001101
     4298.750000       0.001100
     4299.000000       0.001099
     4299.250000       0.001099
     4299.500000       0.001098
     4299.750000       0.001097
     4300.000000       0.001097
     4300.250000       0.001097
     4300.500000       0.001096
     4300.750000       0.001096
     4301.000000       0.001096
     4301.250000       0.001096
     4301.500000       0.001096
     4301.750000       0.001095
     4302.000000       0.001095
     4302.250000       0.001095
     4302.500000       0.001095
     4302.750000       0.001095
     4303.000000       0.001095
     4303.250000       0.001095
     4303.500000       0.001095
     4303.750000       0.001095
     4304.000000       0.001095
     4304.250000       0.001095
     4304.500000       0.001095
     4304.750000       0.001096
     4305.000000       0.001096
     4305.250000       0.001097
     4305.500000       0.001098
     4305.750000       0.001099
     4306.000000       0.001100
     4306.250000       0.001100
     4306.500000       0.001101
     4306.750000       0.001103
     4307.000000       0.001105
     4307.250000       0.001107
     4307.500000       0.001110
     4307.750000       0.001113
     4308.000000       0.001116
     4308.250000       0.001119
     4308.500000       0.001122
     4308.750000       0.001125
     4309.000000       0.001128
     4309.250000       0.001132
     4309.500000       0.001136
     4309.750000       0.001141
     4310.000000       0.001146
     4310.250000       0.001152
     4310.500000       0.001158
     4310.750000       0.001164
     4311.000000       0.001170
     4311.250000       0.001176
     4311.500000       0.001183
     4311.750000       0.001190
     4312.000000       0.001198
     4312.250000       0.001206
     4312.500000       0.001215
     4312.750000       0.001223
     4313.000000       0.001232
     4313.250000       0.001240
     4313.500000       0.001248
     4313.750000       0.001257
     4314.000000       0.001266
     4314.250000       0.001277
     4314.500000       0.001288
     4314.750000       0.001299
     4315.000000       0.001311
     4315.250000       0.001323
     4315.500000       0.001335
     4315.750000       0.001347
     4316.000000       0.001359
     4316.250000       0.001372
     4316.500000       0.001387
     4316.750000       0.001403
     4317.000000       0.001421
     4317.250000       0.001439
     4317.500000       0.001458
     4317.750000       0.001478
     4318.000000       0.001497
     4318.250000       0.001517
     4318.500000       0.001536
     4318.750000       0.001557
     4319.000000       0.001579
     4319.250000       0.001602
     4319.500000       0.001625
     4319.750000       0.001649
     4320.000000       0.001674
     4320.250000       0.001699
     4320.500000       0.001723
     4320.750000       0.001748
     4321.000000       0.001773
     4321.250000       0.001801
     4321.500000       0.001832
     4321.750000       0.001864
     4322.000000       0.001900
     4322.250000       0.001936
     4322.500000       0.001973
     4322.750000       0.002009
     4323.000000       0.002046
     4323.250000       0.002083
     4323.500000       0.002121
     4323.750000       0.002161
     4324.000000       0.002203
     4324.250000       0.002245
     4324.500000       0.002289
     4324.750000       0.002334
     4325.000000       0.002380
     4325.250000       0.002426
     4325.500000       0.002471
     4325.750000       0.002517
     4326.000000       0.002564
     4326.250000       0.002613
     4326.500000       0.002664
     4326.750000       0.002716
     4327.000000       0.002768
     4327.250000       0.002821
     4327.500000       0.002874
     4327.750000       0.002926
     4328.000000       0.002979
     4328.250000       0.003032
     4328.500000       0.003090
     4328.750000       0.003153
     4329.000000       0.003220
     4329.250000       0.003291
     4329.500000       0.003364
     4329.750000       0.003440
     4330.000000       0.003515
     4330.250000       0.003591
     4330.500000       0.003667
     4330.750000       0.003743
     4331.000000       0.003824
     4331.250000       0.003912
     4331.500000       0.004003
     4331.750000       0.004097
     4332.000000       0.004193
     4332.250000       0.004291
     4332.500000       0.004389
     4332.750000       0.004487
     4333.000000       0.004585
     4333.250000       0.004686
     4333.500000       0.004793
     4333.750000       0.004904
     4334.000000       0.005019
     4334.250000       0.005137
     4334.500000       0.005258
     4334.750000       0.005379
     4335.000000       0.005501
     4335.250000       0.005623
     4335.500000       0.005744
     4335.750000       0.005873
     4336.000000       0.006014
     4336.250000       0.006162
     4336.500000       0.006314
     4336.750000       0.006470
     4337.000000       0.006630
     4337.250000       0.006791
     4337.500000       0.006951
     4337.750000       0.007112
     4338.000000       0.007273
     4338.250000       0.007442
     4338.500000       0.007623
     4338.750000       0.007812
     4339.000000       0.008010
     4339.250000       0.008212
     4339.500000       0.008421
     4339.750000       0.008629
     4340.000000       0.008838
     4340.250000       0.009046
     4340.500000       0.009255
     4340.750000       0.009482
     4341.000000       0.009721
     4341.250000       0.009970
     4341.500000       0.010228
     4341.750000       0.010490
     4342.000000       0.010758
     4342.250000       0.011026
     4342.500000       0.011294
     4342.750000       0.011561
     4343.000000       0.011831
     4343.250000       0.012119
     4343.500000       0.012422
     4343.750000       0.012736
     4344.000000       0.013061
     4344.250000       0.013393
     4344.500000       0.013730
     4344.750000       0.014067
     4345.000000       0.014404
     4345.250000       0.014740
     4345.500000       0.015088
     4345.750000       0.015461
     4346.000000       0.015852
     4346.250000       0.016256
     4346.500000       0.016670
     4346.750000       0.017094
     4347.000000       0.017520
     4347.250000       0.017947
     4347.500000       0.018373
     4347.750000       0.018799
     4348.000000       0.019252
     4348.250000       0.019749
     4348.500000       0.020275
     4348.750000       0.020824
     4349.000000       0.021390
     4349.250000       0.021973
     4349.500000       0.022559
     4349.750000       0.023145
     4350.000000       0.023731
     4350.250000       0.024316
     4350.500000       0.024942
     4350.750000       0.025614
     4351.000000       0.026317
     4351.250000       0.027046
     4351.500000       0.027794
     4351.750000       0.028559
     4352.000000       0.029326
     4352.250000       0.030093
     4352.500000       0.030860
     4352.750000       0.031628
     4353.000000       0.032451
     4353.250000       0.033321
     4353.500000       0.034224
     4353.750000       0.035157
     4354.000000       0.036106
     4354.250000       0.037074
     4354.500000       0.038041
     4354.750000       0.039009
     4355.000000       0.039977
     4355.250000       0.040957
     4355.500000       0.042041
     4355.750000       0.043196
     4356.000000       0.044404
     4356.250000       0.045656
     4356.500000       0.046937
     4356.750000       0.048238
     4357.000000       0.049539
     4357.250000       0.050840
     4357.500000       0.052141
     4357.750000       0.053459
     4358.000000       0.054880
     4358.250000       0.056366
     4358.500000       0.057902
     4358.750000       0.059480
     4359.000000       0.061087
     4359.250000       0.062709
     4359.500000       0.064331
     4359.750000       0.065953
     4360.000000       0.067575
     4360.250000       0.069232
     4360.500000       0.071027
     4360.750000       0.072916
     4361.000000       0.074873
     4361.250000       0.076884
     4361.500000       0.078931
     4361.750000       0.081000
     4362.000000       0.083069
     4362.250000       0.085138
     4362.500000       0.087207
     4362.750000       0.089336
     4363.000000       0.091624
     4363.250000       0.094009
     4363.500000       0.096459
     4363.750000       0.098962
     4364.000000       0.101509
     4364.250000       0.104067
     4364.500000       0.106627
     4364.750000       0.109186
     4365.000000       0.111745
     4365.250000       0.114398
     4365.500000       0.117239
     4365.750000       0.120192
     4366.000000       0.123219
     4366.250000       0.126305
     4366.500000       0.129438
     4366.750000       0.132586
     4367.000000       0.135733
     4367.250000       0.138881
     4367.500000       0.142028
     4367.750000       0.145261
     4368.000000       0.148669
     4368.250000       0.152187
     4368.500000       0.155774
     4368.750000       0.159414
     4369.000000       0.163097
     4369.250000       0.166796
     4369.500000       0.170494
     4369.750000       0.174192
     4370.000000       0.177890
     4370.250000       0.181716
     4370.500000       0.185727
     4370.750000       0.189843
     4371.000000       0.194024
     4371.250000       0.198250
     4371.500000       0.202516
     4371.750000       0.206793
     4372.000000       0.211070
     4372.250000       0.215347
     4372.500000       0.219624
     4372.750000       0.224081
     4373.000000       0.228703
     4373.250000       0.233412
     4373.500000       0.238191
     4373.750000       0.243021
     4374.000000       0.247896
     4374.250000       0.252775
     4374.500000       0.257655
     4374.750000       0.262534
     4375.000000       0.267414
     4375.250000       0.272411
     4375.500000       0.277548
     4375.750000       0.282763
     4376.000000       0.288023
     4376.250000       0.293308
     4376.500000       0.298623
     4376.750000       0.303944
     4377.000000       0.309264
     4377.250000       0.314585
     4377.500000       0.319905
     4377.750000       0.325319
     4378.000000       0.330797
     4378.250000       0.336302
     4378.500000       0.341828
     4378.750000       0.347372
     4379.000000       0.352934
     4379.250000       0.358498
     4379.500000       0.364061
     4379.750000       0.369625
     4380.000000       0.375189
     4380.250000       0.380855
     4380.500000       0.386612
     4380.750000       0.392415
     4381.000000       0.398253
     4381.250000       0.404117
     4381.500000       0.410012
     4381.750000       0.415910
     4382.000000       0.421808
     4382.250000       0.427705
     4382.500000       0.433601
     4382.750000       0.439190
     4383.000000       0.444443
     4383.250000       0.449461
     4383.500000       0.454296
     4383.750000       0.459014
     4384.000000       0.463607
     4384.250000       0.468190
     4384.500000       0.472773
     4384.750000       0.477356
     4385.000000       0.481943
     4385.250000       0.486769
     4385.500000       0.491815
     4385.750000       0.497013
     4386.000000       0.502334
     4386.250000       0.507734
     4386.500000       0.513234
     4386.750000       0.518737
     4387.000000       0.524240
     4387.250000       0.529742
     4387.500000       0.535254
     4387.750000       0.540829
     4388.000000       0.546423
     4388.250000       0.552003
     4388.500000       0.557577
     4388.750000       0.563156
     4389.000000       0.568727
     4389.250000       0.574298
     4389.500000       0.579869
     4389.750000       0.585440
     4390.000000       0.591007
     4390.250000       0.596478
     4390.500000       0.601917
     4390.750000       0.607349
     4391.000000       0.612771
     4391.250000       0.618180
     4391.500000       0.623598
     4391.750000       0.629017
     4392.000000       0.634435
     4392.250000       0.639854
     4392.500000       0.645272
     4392.750000       0.650708
     4393.000000       0.656115
     4393.250000       0.661489
     4393.500000       0.666830
     4393.750000       0.672161
     4394.000000       0.677468
     4394.250000       0.682771
     4394.500000       0.688074
     4394.750000       0.693378
     4395.000000       0.698681
     4395.250000       0.703941
     4395.500000       0.709190
     4395.750000       0.714436
     4396.000000       0.719678
     4396.250000       0.724925
     4396.500000       0.730185
     4396.750000       0.735453
     4397.000000       0.740720
     4397.250000       0.745988
     4397.500000       0.751255
     4397.750000       0.756493
     4398.000000       0.761634
     4398.250000       0.766701
     4398.500000       0.771723
     4398.750000       0.776700
     4399.000000       0.781625
     4399.250000       0.786529
     4399.500000       0.791434
     4399.750000       0.796339
     4400.000000       0.801243
     4400.250000       0.806054
     4400.500000       0.810765
     4400.750000       0.815429
     4401.000000       0.820047
     4401.250000       0.824639
     4401.500000       0.829204
     4401.750000       0.833774
     4402.000000       0.838344
     4402.250000       0.842914
     4402.500000       0.847483
     4402.750000       0.851729
     4403.000000       0.855326
     4403.250000       0.858538
     4403.500000       0.861492
     4403.750000       0.864218
     4404.000000       0.866745
     4404.250000       0.869210
     4404.500000       0.871676
     4404.750000       0.874142
     4405.000000       0.876607
     4405.250000       0.879251
     4405.500000       0.882261
     4405.750000       0.885492
     4406.000000       0.888873
     4406.250000       0.892391
     4406.500000       0.896020
     4406.750000       0.899686
     4407.000000       0.903352
     4407.250000       0.907018
     4407.500000       0.910684
     4407.750000       0.914298
     4408.000000       0.917697
     4408.250000       0.920913
     4408.500000       0.924004
     4408.750000       0.926968
     4409.000000       0.929845
     4409.250000       0.932650
     4409.500000       0.935454
     4409.750000       0.938259
     4410.000000       0.941063
     4410.250000       0.943825
     4410.500000       0.946393
     4410.750000       0.948866
     4411.000000       0.951282
     4411.250000       0.953664
     4411.500000       0.956012
     4411.750000       0.958365
     4412.000000       0.960718
     4412.250000       0.963071
     4412.500000       0.965424
     4412.750000       0.967759
     4413.000000       0.969944
     4413.250000       0.972027
     4413.500000       0.974016
     4413.750000       0.975938
     4414.000000       0.977820
     4414.250000       0.979656
     4414.500000       0.981491
     4414.750000       0.983327
     4415.000000       0.985163
     4415.250000       0.986949
     4415.500000       0.988447
     4415.750000       0.989762
     4416.000000       0.990956
     4416.250000       0.992047
     4416.500000       0.993066
     4416.750000       0.994022
     4417.000000       0.994978
     4417.250000       0.995934
     4417.500000       0.996890
     4417.750000       0.997836
     4418.000000       0.998523
     4418.250000       0.998984
     4418.500000       0.999320
     4418.750000       0.999552
     4419.000000       0.999715
     4419.250000       0.999781
     4419.500000       0.999836
     4419.750000       0.999890
     4420.000000       0.999945
     4420.250000       1.000000
     4420.500000       0.999934
     4420.750000       0.999771
     4421.000000       0.999561
     4421.250000       0.999333
     4421.500000       0.999101
     4421.750000       0.998873
     4422.000000       0.998650
     4422.250000       0.998427
     4422.500000       0.998203
     4422.750000       0.997980
     4423.000000       0.997595
     4423.250000       0.997031
     4423.500000       0.996376
     4423.750000       0.995642
     4424.000000       0.994849
     4424.250000       0.993995
     4424.500000       0.993132
     4424.750000       0.992271
     4425.000000       0.991409
     4425.250000       0.990546
     4425.500000       0.989633
     4425.750000       0.988545
     4426.000000       0.987371
     4426.250000       0.986132
     4426.500000       0.984869
     4426.750000       0.983601
     4427.000000       0.982300
     4427.250000       0.981000
     4427.500000       0.979699
     4427.750000       0.978399
     4428.000000       0.977085
     4428.250000       0.975740
     4428.500000       0.974391
     4428.750000       0.973031
     4429.000000       0.971665
     4429.250000       0.970287
     4429.500000       0.968904
     4429.750000       0.967522
     4430.000000       0.966139
     4430.250000       0.964757
     4430.500000       0.963380
     4430.750000       0.962050
     4431.000000       0.960760
     4431.250000       0.959503
     4431.500000       0.958260
     4431.750000       0.957032
     4432.000000       0.955815
     4432.250000       0.954598
     4432.500000       0.953381
     4432.750000       0.952164
     4433.000000       0.950947
     4433.250000       0.949555
     4433.500000       0.948085
     4433.750000       0.946592
     4434.000000       0.945089
     4434.250000       0.943577
     4434.500000       0.942062
     4434.750000       0.940551
     4435.000000       0.939040
     4435.250000       0.937529
     4435.500000       0.936018
     4435.750000       0.934647
     4436.000000       0.933515
     4436.250000       0.932501
     4436.500000       0.931569
     4436.750000       0.930711
     4437.000000       0.929936
     4437.250000       0.929172
     4437.500000       0.928407
     4437.750000       0.927643
     4438.000000       0.926879
     4438.250000       0.926097
     4438.500000       0.925244
     4438.750000       0.924362
     4439.000000       0.923478
     4439.250000       0.922571
     4439.500000       0.921650
     4439.750000       0.920715
     4440.000000       0.919780
     4440.250000       0.918845
     4440.500000       0.917910
     4440.750000       0.917012
     4441.000000       0.916384
     4441.250000       0.915911
     4441.500000       0.915524
     4441.750000       0.915229
     4442.000000       0.914989
     4442.250000       0.914797
     4442.500000       0.914605
     4442.750000       0.914413
     4443.000000       0.914221
     4443.250000       0.914038
     4443.500000       0.913976
     4443.750000       0.914054
     4444.000000       0.914238
     4444.250000       0.914493
     4444.500000       0.914782
     4444.750000       0.915125
     4445.000000       0.915477
     4445.250000       0.915829
     4445.500000       0.916181
     4445.750000       0.916533
     4446.000000       0.916955
     4446.250000       0.917510
     4446.500000       0.918142
     4446.750000       0.918815
     4447.000000       0.919535
     4447.250000       0.920292
     4447.500000       0.921062
     4447.750000       0.921832
     4448.000000       0.922602
     4448.250000       0.923372
     4448.500000       0.924193
     4448.750000       0.925165
     4449.000000       0.926207
     4449.250000       0.927290
     4449.500000       0.928394
     4449.750000       0.929511
     4450.000000       0.930638
     4450.250000       0.931765
     4450.500000       0.932892
     4450.750000       0.934020
     4451.000000       0.935146
     4451.250000       0.936342
     4451.500000       0.937627
     4451.750000       0.938957
     4452.000000       0.940325
     4452.250000       0.941724
     4452.500000       0.943148
     4452.750000       0.944576
     4453.000000       0.946003
     4453.250000       0.947431
     4453.500000       0.948859
     4453.750000       0.950399
     4454.000000       0.952048
     4454.250000       0.953725
     4454.500000       0.955419
     4454.750000       0.957085
     4455.000000       0.958719
     4455.250000       0.960350
     4455.500000       0.961980
     4455.750000       0.963610
     4456.000000       0.965240
     4456.250000       0.966833
     4456.500000       0.968301
     4456.750000       0.969650
     4457.000000       0.970859
     4457.250000       0.971979
     4457.500000       0.973024
     4457.750000       0.974026
     4458.000000       0.975028
     4458.250000       0.976029
     4458.500000       0.977031
     4458.750000       0.978006
     4459.000000       0.978614
     4459.250000       0.978947
     4459.500000       0.979062
     4459.750000       0.979015
     4460.000000       0.978868
     4460.250000       0.978613
     4460.500000       0.978353
     4460.750000       0.978093
     4461.000000       0.977832
     4461.250000       0.977572
     4461.500000       0.976745
     4461.750000       0.975111
     4462.000000       0.972940
     4462.250000       0.970392
     4462.500000       0.967530
     4462.750000       0.964402
     4463.000000       0.961178
     4463.250000       0.957953
     4463.500000       0.954729
     4463.750000       0.951504
     4464.000000       0.948105
     4464.250000       0.944065
     4464.500000       0.939592
     4464.750000       0.934840
     4465.000000       0.929869
     4465.250000       0.924774
     4465.500000       0.919582
     4465.750000       0.914390
     4466.000000       0.909197
     4466.250000       0.904005
     4466.500000       0.898751
     4466.750000       0.892512
     4467.000000       0.885570
     4467.250000       0.878209
     4467.500000       0.870559
     4467.750000       0.862747
     4468.000000       0.854758
     4468.250000       0.846751
     4468.500000       0.838743
     4468.750000       0.830735
     4469.000000       0.822728
     4469.250000       0.814340
     4469.500000       0.805200
     4469.750000       0.795694
     4470.000000       0.786000
     4470.250000       0.776132
     4470.500000       0.766177
     4470.750000       0.756150
     4471.000000       0.746123
     4471.250000       0.736096
     4471.500000       0.726069
     4471.750000       0.715890
     4472.000000       0.705090
     4472.250000       0.694033
     4472.500000       0.682862
     4472.750000       0.671589
     4473.000000       0.660260
     4473.250000       0.648861
     4473.500000       0.637463
     4473.750000       0.626064
     4474.000000       0.614666
     4474.250000       0.603268
     4474.500000       0.591901
     4474.750000       0.580734
     4475.000000       0.569748
     4475.250000       0.558884
     4475.500000       0.548113
     4475.750000       0.537415
     4476.000000       0.526738
     4476.250000       0.516062
     4476.500000       0.505386
     4476.750000       0.494710
     4477.000000       0.484097
     4477.250000       0.473815
     4477.500000       0.463784
     4477.750000       0.453935
     4478.000000       0.444206
     4478.250000       0.434531
     4478.500000       0.424903
     4478.750000       0.415275
     4479.000000       0.405648
     4479.250000       0.396020
     4479.500000       0.386394
     4479.750000       0.377209
     4480.000000       0.368481
     4480.250000       0.360033
     4480.500000       0.351775
     4480.750000       0.343659
     4481.000000       0.335669
     4481.250000       0.327713
     4481.500000       0.319756
     4481.750000       0.311800
     4482.000000       0.303844
     4482.250000       0.296114
     4482.500000       0.288856
     4482.750000       0.281879
     4483.000000       0.275081
     4483.250000       0.268434
     4483.500000       0.261881
     4483.750000       0.255388
     4484.000000       0.248894
     4484.250000       0.242401
     4484.500000       0.235907
     4484.750000       0.229438
     4485.000000       0.223512
     4485.250000       0.217956
     4485.500000       0.212614
     4485.750000       0.207432
     4486.000000       0.202356
     4486.250000       0.197397
     4486.500000       0.192459
     4486.750000       0.187521
     4487.000000       0.182583
     4487.250000       0.177645
     4487.500000       0.172921
     4487.750000       0.168524
     4488.000000       0.164299
     4488.250000       0.160184
     4488.500000       0.156163
     4488.750000       0.152223
     4489.000000       0.148315
     4489.250000       0.144407
     4489.500000       0.140499
     4489.750000       0.136591
     4490.000000       0.132742
     4490.250000       0.129313
     4490.500000       0.126107
     4490.750000       0.123043
     4491.000000       0.120098
     4491.250000       0.117222
     4491.500000       0.114443
     4491.750000       0.111668
     4492.000000       0.108894
     4492.250000       0.106119
     4492.500000       0.103345
     4492.750000       0.100742
     4493.000000       0.098331
     4493.250000       0.096016
     4493.500000       0.093767
     4493.750000       0.091574
     4494.000000       0.089433
     4494.250000       0.087312
     4494.500000       0.085192
     4494.750000       0.083071
     4495.000000       0.080951
     4495.250000       0.078867
     4495.500000       0.076970
     4495.750000       0.075169
     4496.000000       0.073435
     4496.250000       0.071754
     4496.500000       0.070105
     4496.750000       0.068498
     4497.000000       0.066892
     4497.250000       0.065286
     4497.500000       0.063680
     4497.750000       0.062074
     4498.000000       0.060552
     4498.250000       0.059170
     4498.500000       0.057857
     4498.750000       0.056587
     4499.000000       0.055359
     4499.250000       0.054164
     4499.500000       0.052989
     4499.750000       0.051813
     4500.000000       0.050638
     4500.250000       0.049462
     4500.500000       0.048293
     4500.750000       0.047203
     4501.000000       0.046157
     4501.250000       0.045137
     4501.500000       0.044139
     4501.750000       0.043156
     4502.000000       0.042190
     4502.250000       0.041227
     4502.500000       0.040264
     4502.750000       0.039301
     4503.000000       0.038337
     4503.250000       0.037435
     4503.500000       0.036629
     4503.750000       0.035870
     4504.000000       0.035141
     4504.250000       0.034440
     4504.500000       0.033763
     4504.750000       0.033099
     4505.000000       0.032434
     4505.250000       0.031769
     4505.500000       0.031104
     4505.750000       0.030444
     4506.000000       0.029836
     4506.250000       0.029257
     4506.500000       0.028698
     4506.750000       0.028154
     4507.000000       0.027619
     4507.250000       0.027096
     4507.500000       0.026575
     4507.750000       0.026054
     4508.000000       0.025533
     4508.250000       0.025012
     4508.500000       0.024511
     4508.750000       0.024053
     4509.000000       0.023614
     4509.250000       0.023188
     4509.500000       0.022773
     4509.750000       0.022366
     4510.000000       0.021966
     4510.250000       0.021566
     4510.500000       0.021165
     4510.750000       0.020765
     4511.000000       0.020365
     4511.250000       0.019989
     4511.500000       0.019632
     4511.750000       0.019288
     4512.000000       0.018952
     4512.250000       0.018624
     4512.500000       0.018302
     4512.750000       0.017983
     4513.000000       0.017663
     4513.250000       0.017344
     4513.500000       0.017025
     4513.750000       0.016711
     4514.000000       0.016425
     4514.250000       0.016153
     4514.500000       0.015890
     4514.750000       0.015634
     4515.000000       0.015382
     4515.250000       0.015136
     4515.500000       0.014889
     4515.750000       0.014643
     4516.000000       0.014397
     4516.250000       0.014151
     4516.500000       0.013917
     4516.750000       0.013697
     4517.000000       0.013484
     4517.250000       0.013276
     4517.500000       0.013072
     4517.750000       0.012872
     4518.000000       0.012674
     4518.250000       0.012476
     4518.500000       0.012278
     4518.750000       0.012079
     4519.000000       0.011883
     4519.250000       0.011699
     4519.500000       0.011522
     4519.750000       0.011349
     4520.000000       0.011179
     4520.250000       0.011011
     4520.500000       0.010845
     4520.750000       0.010679
     4521.000000       0.010513
     4521.250000       0.010347
     4521.500000       0.010181
     4521.750000       0.010019
     4522.000000       0.009867
     4522.250000       0.009720
     4522.500000       0.009576
     4522.750000       0.009435
     4523.000000       0.009296
     4523.250000       0.009159
     4523.500000       0.009022
     4523.750000       0.008885
     4524.000000       0.008748
     4524.250000       0.008611
     4524.500000       0.008483
     4524.750000       0.008362
     4525.000000       0.008246
     4525.250000       0.008134
     4525.500000       0.008024
     4525.750000       0.007916
     4526.000000       0.007810
     4526.250000       0.007703
     4526.500000       0.007596
     4526.750000       0.007490
     4527.000000       0.007384
     4527.250000       0.007284
     4527.500000       0.007186
     4527.750000       0.007089
     4528.000000       0.006994
     4528.250000       0.006901
     4528.500000       0.006808
     4528.750000       0.006715
     4529.000000       0.006623
     4529.250000       0.006530
     4529.500000       0.006437
     4529.750000       0.006348
     4530.000000       0.006263
     4530.250000       0.006181
     4530.500000       0.006101
     4530.750000       0.006022
     4531.000000       0.005944
     4531.250000       0.005867
     4531.500000       0.005790
     4531.750000       0.005713
     4532.000000       0.005636
     4532.250000       0.005559
     4532.500000       0.005485
     4532.750000       0.005415
     4533.000000       0.005346
     4533.250000       0.005279
     4533.500000       0.005212
     4533.750000       0.005146
     4534.000000       0.005080
     4534.250000       0.005015
     4534.500000       0.004949
     4534.750000       0.004884
     4535.000000       0.004819
     4535.250000       0.004758
     4535.500000       0.004698
     4535.750000       0.004639
     4536.000000       0.004582
     4536.250000       0.004525
     4536.500000       0.004469
     4536.750000       0.004413
     4537.000000       0.004357
     4537.250000       0.004301
     4537.500000       0.004245
     4537.750000       0.004191
     4538.000000       0.004138
     4538.250000       0.004087
     4538.500000       0.004036
     4538.750000       0.003986
     4539.000000       0.003937
     4539.250000       0.003889
     4539.500000       0.003841
     4539.750000       0.003793
     4540.000000       0.003744
     4540.250000       0.003696
     4540.500000       0.003649
     4540.750000       0.003603
     4541.000000       0.003559
     4541.250000       0.003516
     4541.500000       0.003472
     4541.750000       0.003429
     4542.000000       0.003386
     4542.250000       0.003342
     4542.500000       0.003299
     4542.750000       0.003255
     4543.000000       0.003212
     4543.250000       0.003171
     4543.500000       0.003131
     4543.750000       0.003092
     4544.000000       0.003054
     4544.250000       0.003017
     4544.500000       0.002980
     4544.750000       0.002944
     4545.000000       0.002908
     4545.250000       0.002871
     4545.500000       0.002835
     4545.750000       0.002800
     4546.000000       0.002767
     4546.250000       0.002736
     4546.500000       0.002705
     4546.750000       0.002674
     4547.000000       0.002644
     4547.250000       0.002614
     4547.500000       0.002585
     4547.750000       0.002555
     4548.000000       0.002525
     4548.250000       0.002496
     4548.500000       0.002466
     4548.750000       0.002438
     4549.000000       0.002411
     4549.250000       0.002384
     4549.500000       0.002357
     4549.750000       0.002331
     4550.000000       0.002306
     4550.250000       0.002280
     4550.500000       0.002254
     4550.750000       0.002229
     4551.000000       0.002203
     4551.250000       0.002178
     4551.500000       0.002153
     4551.750000       0.002130
     4552.000000       0.002106
     4552.250000       0.002083
     4552.500000       0.002059
     4552.750000       0.002036
     4553.000000       0.002013
     4553.250000       0.001990
     4553.500000       0.001967
     4553.750000       0.001944
     4554.000000       0.001922
     4554.250000       0.001901
     4554.500000       0.001881
     4554.750000       0.001861
     4555.000000       0.001841
     4555.250000       0.001822
     4555.500000       0.001802
     4555.750000       0.001782
     4556.000000       0.001763
     4556.250000       0.001743
     4556.500000       0.001724
     4556.750000       0.001705
     4557.000000       0.001687
     4557.250000       0.001669
     4557.500000       0.001651
     4557.750000       0.001633
     4558.000000       0.001615
     4558.250000       0.001598
     4558.500000       0.001580
     4558.750000       0.001563
     4559.000000       0.001546
     4559.250000       0.001528
     4559.500000       0.001511
     4559.750000       0.001494
     4560.000000       0.001478
     4560.250000       0.001461
     4560.500000       0.001445
     4560.750000       0.001428
     4561.000000       0.001411
     4561.250000       0.001395
     4561.500000       0.001378
     4561.750000       0.001362
     4562.000000       0.001345
     4562.250000       0.001330
     4562.500000       0.001314
     4562.750000       0.001299
     4563.000000       0.001284
     4563.250000       0.001269
     4563.500000       0.001255
     4563.750000       0.001240
     4564.000000       0.001226
     4564.250000       0.001211
     4564.500000       0.001196
     4564.750000       0.001182
     4565.000000       0.001168
     4565.250000       0.001154
     4565.500000       0.001141
     4565.750000       0.001127
     4566.000000       0.001114
     4566.250000       0.001101
     4566.500000       0.001087
     4566.750000       0.001074
     4567.000000       0.001061
     4567.250000       0.001047
     4567.500000       0.001035
     4567.750000       0.001023
     4568.000000       0.001012
     4568.250000       0.001002
     4568.500000       0.000991
     4568.750000       0.000981
     4569.000000       0.000971
     4569.250000       0.000961
     4569.500000       0.000951
     4569.750000       0.000940
     4570.000000       0.000930
     4570.250000       0.000922
     4570.500000       0.000913
     4570.750000       0.000905
     4571.000000       0.000897
     4571.250000       0.000889
     4571.500000       0.000881
     4571.750000       0.000873
     4572.000000       0.000866
     4572.250000       0.000858
     4572.500000       0.000850
     4572.750000       0.000842
     4573.000000       0.000834
     4573.250000       0.000826
     4573.500000       0.000818
     4573.750000       0.000811
     4574.000000       0.000803
     4574.250000       0.000796
     4574.500000       0.000788
     4574.750000       0.000781
     4575.000000       0.000773
     4575.250000       0.000766
     4575.500000       0.000759
     4575.750000       0.000752
     4576.000000       0.000747
     4576.250000       0.000741
     4576.500000       0.000735
     4576.750000       0.000730
     4577.000000       0.000725
     4577.250000       0.000719
     4577.500000       0.000714
     4577.750000       0.000709
     4578.000000       0.000703
     4578.250000       0.000698
     4578.500000       0.000693
     4578.750000       0.000688
     4579.000000       0.000684
     4579.250000       0.000680
     4579.500000       0.000676
     4579.750000       0.000672
     4580.000000       0.000668
     4580.250000       0.000664
     4580.500000       0.000660
     4580.750000       0.000656
     4581.000000       0.000652
     4581.250000       0.000649
     4581.500000       0.000645
     4581.750000       0.000643
     4582.000000       0.000640
     4582.250000       0.000637
     4582.500000       0.000634
     4582.750000       0.000631
     4583.000000       0.000629
     4583.250000       0.000626
     4583.500000       0.000623
     4583.750000       0.000620
     4584.000000       0.000617
     4584.250000       0.000615
     4584.500000       0.000612
     4584.750000       0.000610
     4585.000000       0.000607
     4585.250000       0.000604
     4585.500000       0.000602
     4585.750000       0.000599
     4586.000000       0.000597
     4586.250000       0.000594
     4586.500000       0.000592
     4586.750000       0.000589
     4587.000000       0.000586
     4587.250000       0.000584
     4587.500000       0.000581
     4587.750000       0.000579
     4588.000000       0.000576
     4588.250000       0.000573
     4588.500000       0.000571
     4588.750000       0.000568
     4589.000000       0.000566
     4589.250000       0.000563
     4589.500000       0.000560
     4589.750000       0.000557
     4590.000000       0.000554
     4590.250000       0.000551
     4590.500000       0.000548
     4590.750000       0.000546
     4591.000000       0.000543
     4591.250000       0.000540
     4591.500000       0.000537
     4591.750000       0.000534
     4592.000000       0.000531
     4592.250000       0.000528
     4592.500000       0.000525
     4592.750000       0.000522
     4593.000000       0.000519
     4593.250000       0.000516
     4593.500000       0.000513
     4593.750000       0.000511
     4594.000000       0.000508
     4594.250000       0.000505
     4594.500000       0.000502
     4594.750000       0.000499
     4595.000000       0.000496
     4595.250000       0.000493
     4595.500000       0.000490
     4595.750000       0.000487
     4596.000000       0.000484
     4596.250000       0.000481
     4596.500000       0.000478
     4596.750000       0.000475
     4597.000000       0.000473
     4597.250000       0.000470
     4597.500000       0.000467
     4597.750000       0.000464
     4598.000000       0.000461
     4598.250000       0.000458
     4598.500000       0.000455
     4598.750000       0.000452
     4599.000000       0.000449
     4599.250000       0.000446
     4599.500000       0.000443
     4599.750000       0.000440
     4600.000000       0.000438
     4600.250000       0.000435
     4600.500000       0.000432
     4600.750000       0.000429
     4601.000000       0.000426
     4601.250000       0.000423
     4601.500000       0.000420
     4601.750000       0.000417
     4602.000000       0.000414
     4602.250000       0.000411
     4602.500000       0.000408
     4602.750000       0.000405
     4603.000000       0.000403
     4603.250000       0.000400
     4603.500000       0.000397
     4603.750000       0.000394
     4604.000000       0.000391
     4604.250000       0.000388
     4604.500000       0.000385
     4604.750000       0.000382
     4605.000000       0.000379
     4605.250000       0.000376
     4605.500000       0.000373
     4605.750000       0.000370
     4606.000000       0.000367
     4606.250000       0.000365
     4606.500000       0.000362
     4606.750000       0.000359
     4607.000000       0.000356
     4607.250000       0.000353
     4607.500000       0.000350
     4607.750000       0.000347
     4608.000000       0.000344
     4608.250000       0.000341
     4608.500000       0.000338
     4608.750000       0.000335
     4609.000000       0.000332
     4609.250000       0.000330
     4609.500000       0.000327
     4609.750000       0.000324
     4610.000000       0.000321
     4610.250000       0.000318
     4610.500000       0.000315
     4610.750000       0.000312
     4611.000000       0.000309
     4611.250000       0.000306
     4611.500000       0.000303
     4611.750000       0.000300
     4612.000000       0.000297
     4612.250000       0.000295
     4612.500000       0.000292
     4612.750000       0.000289
     4613.000000       0.000286
     4613.250000       0.000283
     4613.500000       0.000280
     4613.750000       0.000277
     4614.000000       0.000274
     4614.250000       0.000271
     4614.500000       0.000268
     4614.750000       0.000265
     4615.000000       0.000262
     4615.250000       0.000259
     4615.500000       0.000257
     4615.750000       0.000254
     4616.000000       0.000251
     4616.250000       0.000248
     4616.500000       0.000245
     4616.750000       0.000242
     4617.000000       0.000239
     4617.250000       0.000236
     4617.500000       0.000233
     4617.750000       0.000230
     4618.000000       0.000227
     4618.250000       0.000224
     4618.500000       0.000222
     4618.750000       0.000219
     4619.000000       0.000216
     4619.250000       0.000213
     4619.500000       0.000210
     4619.750000       0.000207
     4620.000000       0.000204
     4620.250000       0.000201
     4620.500000       0.000198
     4620.750000       0.000195
     4621.000000       0.000192
     4621.250000       0.000191
     4621.500000       0.000189
     4621.750000       0.000188
     4622.000000       0.000187
     4622.250000       0.000186
     4622.500000       0.000185
     4622.750000       0.000184
     4623.000000       0.000183
     4623.250000       0.000182
     4623.500000       0.000181
     4623.750000       0.000179
     4624.000000       0.000178
     4624.250000       0.000177
     4624.500000       0.000176
     4624.750000       0.000175
     4625.000000       0.000174
     4625.250000       0.000173
     4625.500000       0.000172
     4625.750000       0.000171
     4626.000000       0.000169
     4626.250000       0.000168
     4626.500000       0.000167
     4626.750000       0.000166
     4627.000000       0.000165
     4627.250000       0.000164
     4627.500000       0.000163
     4627.750000       0.000162
     4628.000000       0.000160
     4628.250000       0.000159
     4628.500000       0.000158
     4628.750000       0.000157
     4629.000000       0.000156
     4629.250000       0.000155
     4629.500000       0.000154
     4629.750000       0.000153
     4630.000000       0.000152
     4630.250000       0.000150
     4630.500000       0.000149
     4630.750000       0.000148
     4631.000000       0.000147
     4631.250000       0.000146
     4631.500000       0.000145
     4631.750000       0.000144
     4632.000000       0.000143
     4632.250000       0.000141
     4632.500000       0.000140
     4632.750000       0.000139
     4633.000000       0.000138
     4633.250000       0.000137
     4633.500000       0.000136
     4633.750000       0.000135
     4634.000000       0.000134
     4634.250000       0.000133
     4634.500000       0.000131
     4634.750000       0.000130
     4635.000000       0.000129
     4635.250000       0.000128
     4635.500000       0.000127
     4635.750000       0.000126
     4636.000000       0.000125
     4636.250000       0.000124
     4636.500000       0.000123
     4636.750000       0.000121
     4637.000000       0.000120
     4637.250000       0.000119
     4637.500000       0.000118
     4637.750000       0.000117
     4638.000000       0.000116
     4638.250000       0.000115
     4638.500000       0.000114
     4638.750000       0.000112
     4639.000000       0.000111
     4639.250000       0.000110
     4639.500000       0.000109
     4639.750000       0.000108
     4640.000000       0.000107
     4640.250000       0.000106
     4640.500000       0.000105
     4640.750000       0.000104
     4641.000000       0.000102
     4641.250000       0.000101
     4641.500000       0.000100
     4641.750000       0.000099
     4642.000000       0.000098
     4642.250000       0.000097
     4642.500000       0.000096
     4642.750000       0.000095
     4643.000000       0.000094
     4643.250000       0.000092
     4643.500000       0.000091
     4643.750000       0.000090
     4644.000000       0.000089
     4644.250000       0.000088
     4644.500000       0.000087
     4644.750000       0.000086
     4645.000000       0.000085
     4645.250000       0.000083
     4645.500000       0.000082
     4645.750000       0.000081
     4646.000000       0.000080
     4646.250000       0.000079
     4646.500000       0.000078
     4646.750000       0.000077
     4647.000000       0.000076
     4647.250000       0.000075
     4647.500000       0.000073
     4647.750000       0.000072
     4648.000000       0.000071
     4648.250000       0.000070
     4648.500000       0.000069
     4648.750000       0.000068
     4649.000000       0.000067
     4649.250000       0.000066
     4649.500000       0.000064
     4649.750000       0.000063
     4650.000000       0.000062
