   9  ,noaa_16_hirs_09.flt
Number of data points:
61
Wavenumber (cm-1)   Filter response
     1000.000000       0.000000
     1001.300000       0.004503
     1002.900000       0.007186
     1004.700000       0.008554
     1005.700000       0.011263
     1007.300000       0.019377
     1008.900000       0.028869
     1010.100000       0.039714
     1011.500000       0.055785
     1012.300000       0.071831
     1013.400000       0.094508
     1014.100000       0.122510
     1015.100000       0.157040
     1015.900000       0.199520
     1016.700000       0.260480
     1017.400000       0.313410
     1018.600000       0.429470
     1020.000000       0.569970
     1021.100000       0.708740
     1022.400000       0.824080
     1023.000000       0.872720
     1023.500000       0.910830
     1024.100000       0.939650
     1024.500000       0.959310
     1024.900000       0.971060
     1025.500000       0.982720
     1026.300000       0.991690
     1027.300000       0.996630
     1028.500000       0.996780
     1029.700000       0.996870
     1031.300000       0.998070
     1032.700000       1.000000
     1034.600000       0.997720
     1035.600000       0.993230
     1036.700000       0.986240
     1037.700000       0.976960
     1038.700000       0.963700
     1039.600000       0.943800
     1040.200000       0.919910
     1041.200000       0.876350
     1042.200000       0.804770
     1043.400000       0.710620
     1044.400000       0.597890
     1046.700000       0.372450
     1047.600000       0.308800
     1048.600000       0.247790
     1049.500000       0.190770
     1050.200000       0.149600
     1051.000000       0.120380
     1051.600000       0.093815
     1052.000000       0.076563
     1052.600000       0.063286
     1053.500000       0.050016
     1054.300000       0.042056
     1055.800000       0.030128
     1057.300000       0.022189
     1058.900000       0.015586
     1060.300000       0.010318
     1062.200000       0.006377
     1065.600000       0.003768
     1066.000000       0.000000
