9,   channel 9 SRF from file SRF_SIRS-D_Ch09.asc received July 2019 from Carsten Stanfuss
Number of data points:
281
Wavenumber (cm-1)   Filter response
      524.500000       0.000000
      524.550000       0.000000
      524.600000       0.000000
      524.650000       0.000000
      524.700000       0.000000
      524.750000       0.000000
      524.800000       0.000000
      524.850000       0.000000
      524.900000       0.000000
      524.950000       0.000000
      525.000000       0.000000
      525.050000       0.000000
      525.100000       0.000000
      525.150000       0.000000
      525.200000       0.000000
      525.250000       0.000000
      525.300000       0.000000
      525.350000       0.000000
      525.400000       0.000000
      525.450000       0.000000
      525.500000       0.000000
      525.550000       0.000000
      525.600000       0.000000
      525.650000       0.000000
      525.700000       0.000000
      525.750000       0.000000
      525.800000       0.000000
      525.850000       0.000000
      525.900000       0.000000
      525.950000       0.000000
      526.000000       0.000000
      526.050000       0.000000
      526.100000       0.000000
      526.150000       0.000000
      526.200000       0.000000
      526.250000       0.000000
      526.300000       0.000000
      526.350000       0.000000
      526.400000       0.000000
      526.450000       0.004000
      526.500000       0.014000
      526.550000       0.024000
      526.600000       0.034000
      526.650000       0.044000
      526.700000       0.054000
      526.750000       0.064000
      526.800000       0.074000
      526.850000       0.084000
      526.900000       0.094000
      526.950000       0.104000
      527.000000       0.114000
      527.050000       0.124000
      527.100000       0.134000
      527.150000       0.144000
      527.200000       0.154000
      527.250000       0.164000
      527.300000       0.174000
      527.350000       0.184000
      527.400000       0.194000
      527.450000       0.204000
      527.500000       0.214000
      527.550000       0.224000
      527.600000       0.234000
      527.650000       0.244000
      527.700000       0.254000
      527.750000       0.264000
      527.800000       0.274000
      527.850000       0.284000
      527.900000       0.294000
      527.950000       0.304000
      528.000000       0.314000
      528.050000       0.324000
      528.100000       0.334000
      528.150000       0.344000
      528.200000       0.354000
      528.250000       0.364000
      528.300000       0.374000
      528.350000       0.384000
      528.400000       0.394000
      528.450000       0.404000
      528.500000       0.414000
      528.550000       0.424000
      528.600000       0.434000
      528.650000       0.444000
      528.700000       0.454000
      528.750000       0.464000
      528.800000       0.474000
      528.850000       0.484000
      528.900000       0.494000
      528.950000       0.504000
      529.000000       0.514000
      529.050000       0.524000
      529.100000       0.534000
      529.150000       0.544000
      529.200000       0.554000
      529.250000       0.564000
      529.300000       0.574000
      529.350000       0.584000
      529.400000       0.594000
      529.450000       0.604000
      529.500000       0.614000
      529.550000       0.624000
      529.600000       0.634000
      529.650000       0.644000
      529.700000       0.654000
      529.750000       0.664000
      529.800000       0.674000
      529.850000       0.684000
      529.900000       0.694000
      529.950000       0.704000
      530.000000       0.714000
      530.050000       0.724000
      530.100000       0.734000
      530.150000       0.744000
      530.200000       0.754000
      530.250000       0.764000
      530.300000       0.774000
      530.350000       0.784000
      530.400000       0.794000
      530.450000       0.804000
      530.500000       0.814000
      530.550000       0.824000
      530.600000       0.834000
      530.650000       0.844000
      530.700000       0.854000
      530.750000       0.864000
      530.800000       0.874000
      530.850000       0.884000
      530.900000       0.894000
      530.950000       0.904000
      531.000000       0.914000
      531.050000       0.924000
      531.100000       0.934000
      531.150000       0.944000
      531.200000       0.954000
      531.250000       0.964000
      531.300000       0.974000
      531.350000       0.984000
      531.400000       0.994000
      531.450000       1.000000
      531.500000       1.000000
      531.550000       1.000000
      531.600000       0.994000
      531.650000       0.984000
      531.700000       0.974000
      531.750000       0.964000
      531.800000       0.954000
      531.850000       0.944000
      531.900000       0.934000
      531.950000       0.924000
      532.000000       0.914000
      532.050000       0.904000
      532.100000       0.894000
      532.150000       0.884000
      532.200000       0.874000
      532.250000       0.864000
      532.300000       0.854000
      532.350000       0.844000
      532.400000       0.834000
      532.450000       0.824000
      532.500000       0.814000
      532.550000       0.804000
      532.600000       0.794000
      532.650000       0.784000
      532.700000       0.774000
      532.750000       0.764000
      532.800000       0.754000
      532.850000       0.744000
      532.900000       0.734000
      532.950000       0.724000
      533.000000       0.714000
      533.050000       0.704000
      533.100000       0.694000
      533.150000       0.684000
      533.200000       0.674000
      533.250000       0.664000
      533.300000       0.654000
      533.350000       0.644000
      533.400000       0.634000
      533.450000       0.624000
      533.500000       0.614000
      533.550000       0.604000
      533.600000       0.594000
      533.650000       0.584000
      533.700000       0.574000
      533.750000       0.564000
      533.800000       0.554000
      533.850000       0.544000
      533.900000       0.534000
      533.950000       0.524000
      534.000000       0.514000
      534.050000       0.504000
      534.100000       0.494000
      534.150000       0.484000
      534.200000       0.474000
      534.250000       0.464000
      534.300000       0.454000
      534.350000       0.444000
      534.400000       0.434000
      534.450000       0.424000
      534.500000       0.414000
      534.550000       0.404000
      534.600000       0.394000
      534.650000       0.384000
      534.700000       0.374000
      534.750000       0.364000
      534.800000       0.354000
      534.850000       0.344000
      534.900000       0.334000
      534.950000       0.324000
      535.000000       0.314000
      535.050000       0.304000
      535.100000       0.294000
      535.150000       0.284000
      535.200000       0.274000
      535.250000       0.264000
      535.300000       0.254000
      535.350000       0.244000
      535.400000       0.234000
      535.450000       0.224000
      535.500000       0.214000
      535.550000       0.204000
      535.600000       0.194000
      535.650000       0.184000
      535.700000       0.174000
      535.750000       0.164000
      535.800000       0.154000
      535.850000       0.144000
      535.900000       0.134000
      535.950000       0.124000
      536.000000       0.114000
      536.050000       0.104000
      536.100000       0.094000
      536.150000       0.084000
      536.200000       0.074000
      536.250000       0.064000
      536.300000       0.054000
      536.350000       0.044000
      536.400000       0.034000
      536.450000       0.024000
      536.500000       0.014000
      536.550000       0.004000
      536.600000       0.000000
      536.650000       0.000000
      536.700000       0.000000
      536.750000       0.000000
      536.800000       0.000000
      536.850000       0.000000
      536.900000       0.000000
      536.950000       0.000000
      537.000000       0.000000
      537.050000       0.000000
      537.100000       0.000000
      537.150000       0.000000
      537.200000       0.000000
      537.250000       0.000000
      537.300000       0.000000
      537.350000       0.000000
      537.400000       0.000000
      537.450000       0.000000
      537.500000       0.000000
      537.550000       0.000000
      537.600000       0.000000
      537.650000       0.000000
      537.700000       0.000000
      537.750000       0.000000
      537.800000       0.000000
      537.850000       0.000000
      537.900000       0.000000
      537.950000       0.000000
      538.000000       0.000000
      538.050000       0.000000
      538.100000       0.000000
      538.150000       0.000000
      538.200000       0.000000
      538.250000       0.000000
      538.300000       0.000000
      538.350000       0.000000
      538.400000       0.000000
      538.450000       0.000000
      538.500000       0.000000
