7,   SBG channel 7 from srf_082024.csv
Number of data points:
1581
Wavenumber (cm-1)   Filter response
      820.815900       0.000496
      820.883200       0.000500
      820.950700       0.000503
      821.018100       0.000507
      821.085500       0.000510
      821.152900       0.000514
      821.220300       0.000518
      821.287800       0.000521
      821.355200       0.000525
      821.422700       0.000529
      821.490200       0.000532
      821.557700       0.000536
      821.625200       0.000540
      821.692700       0.000544
      821.760300       0.000548
      821.827800       0.000551
      821.895300       0.000555
      821.962800       0.000559
      822.030400       0.000563
      822.098000       0.000567
      822.165600       0.000571
      822.233200       0.000575
      822.300800       0.000580
      822.368400       0.000584
      822.436000       0.000588
      822.503700       0.000592
      822.571400       0.000597
      822.639000       0.000601
      822.706700       0.000605
      822.774400       0.000610
      822.842100       0.000614
      822.909800       0.000619
      822.977500       0.000623
      823.045300       0.000628
      823.113000       0.000632
      823.180800       0.000637
      823.248500       0.000642
      823.316300       0.000646
      823.384100       0.000651
      823.451900       0.000656
      823.519800       0.000661
      823.587500       0.000666
      823.655400       0.000671
      823.723200       0.000676
      823.791100       0.000681
      823.859000       0.000686
      823.926800       0.000691
      823.994800       0.000696
      824.062600       0.000701
      824.130600       0.000707
      824.198400       0.000712
      824.266400       0.000717
      824.334400       0.000723
      824.402300       0.000728
      824.470300       0.000734
      824.538300       0.000739
      824.606300       0.000745
      824.674300       0.000751
      824.742200       0.000756
      824.810300       0.000762
      824.878300       0.000768
      824.946400       0.000774
      825.014400       0.000780
      825.082500       0.000786
      825.150600       0.000792
      825.218700       0.000798
      825.286800       0.000804
      825.354900       0.000810
      825.423000       0.000817
      825.491100       0.000823
      825.559300       0.000830
      825.627400       0.000836
      825.695600       0.000843
      825.763900       0.000849
      825.832000       0.000856
      825.900300       0.000863
      825.968400       0.000869
      826.036700       0.000876
      826.104900       0.000883
      826.173200       0.000890
      826.241500       0.000897
      826.309700       0.000904
      826.378000       0.000912
      826.446200       0.000919
      826.514600       0.000926
      826.582900       0.000934
      826.651200       0.000941
      826.719600       0.000949
      826.787900       0.000956
      826.856300       0.000964
      826.924600       0.000972
      826.993000       0.000980
      827.061500       0.000988
      827.129800       0.000996
      827.198300       0.001004
      827.266700       0.001012
      827.335100       0.001020
      827.403600       0.001028
      827.472000       0.001037
      827.540600       0.001045
      827.609000       0.001054
      827.677600       0.001063
      827.746000       0.001071
      827.814600       0.001080
      827.883100       0.001089
      827.951700       0.001098
      828.020200       0.001107
      828.088700       0.001116
      828.157300       0.001126
      828.225900       0.001135
      828.294600       0.001145
      828.363200       0.001154
      828.431800       0.001164
      828.500400       0.001174
      828.569000       0.001183
      828.637800       0.001193
      828.706400       0.001204
      828.775100       0.001214
      828.843800       0.001224
      828.912500       0.001234
      828.981200       0.001245
      829.049900       0.001255
      829.118700       0.001266
      829.187400       0.001277
      829.256200       0.001288
      829.325000       0.001299
      829.393700       0.001310
      829.462500       0.001321
      829.531300       0.001333
      829.600200       0.001344
      829.668900       0.001356
      829.737800       0.001368
      829.806700       0.001380
      829.875500       0.001392
      829.944400       0.001404
      830.013200       0.001416
      830.082200       0.001428
      830.151100       0.001441
      830.220000       0.001454
      830.288900       0.001466
      830.357800       0.001479
      830.426900       0.001492
      830.495800       0.001505
      830.564800       0.001519
      830.633800       0.001532
      830.702800       0.001546
      830.771800       0.001560
      830.840800       0.001574
      830.909900       0.001588
      830.978900       0.001602
      831.048000       0.001616
      831.117100       0.001631
      831.186100       0.001645
      831.255200       0.001660
      831.324300       0.001675
      831.393400       0.001690
      831.462500       0.001706
      831.531700       0.001721
      831.600800       0.001737
      831.670000       0.001753
      831.739200       0.001769
      831.808300       0.001785
      831.877600       0.001801
      831.946700       0.001818
      832.016000       0.001834
      832.085200       0.001851
      832.154400       0.001868
      832.223700       0.001886
      832.293000       0.001903
      832.362200       0.001921
      832.431600       0.001938
      832.500900       0.001957
      832.570200       0.001975
      832.639500       0.001993
      832.708800       0.002012
      832.778100       0.002031
      832.847500       0.002050
      832.916900       0.002069
      832.986300       0.002089
      833.055700       0.002108
      833.125100       0.002128
      833.194500       0.002148
      833.263900       0.002169
      833.333300       0.002189
      833.402800       0.002210
      833.472200       0.002231
      833.541700       0.002253
      833.611200       0.002274
      833.680700       0.002296
      833.750200       0.002318
      833.819700       0.002340
      833.889300       0.002363
      833.958800       0.002385
      834.028400       0.002409
      834.097900       0.002432
      834.167500       0.002455
      834.237100       0.002479
      834.306700       0.002503
      834.376300       0.002528
      834.445900       0.002552
      834.515600       0.002577
      834.585200       0.002603
      834.654800       0.002628
      834.724500       0.002654
      834.794200       0.002680
      834.864000       0.002707
      834.933600       0.002734
      835.003400       0.002761
      835.073100       0.002788
      835.142800       0.002816
      835.212600       0.002844
      835.282300       0.002872
      835.352100       0.002901
      835.421900       0.002930
      835.491700       0.002959
      835.561500       0.002989
      835.631300       0.003019
      835.701200       0.003050
      835.771000       0.003081
      835.840900       0.003112
      835.910700       0.003143
      835.980600       0.003175
      836.050500       0.003208
      836.120400       0.003240
      836.190400       0.003274
      836.260300       0.003307
      836.330200       0.003341
      836.400100       0.003375
      836.470100       0.003410
      836.540000       0.003445
      836.610000       0.003481
      836.680100       0.003517
      836.750100       0.003554
      836.820100       0.003591
      836.890100       0.003628
      836.960100       0.003666
      837.030300       0.003704
      837.100300       0.003743
      837.170400       0.003782
      837.240400       0.003822
      837.310500       0.003862
      837.380700       0.003903
      837.450800       0.003944
      837.521000       0.003986
      837.591100       0.004029
      837.661300       0.004071
      837.731400       0.004115
      837.801600       0.004159
      837.871800       0.004203
      837.942000       0.004248
      838.012300       0.004294
      838.082500       0.004340
      838.152700       0.004387
      838.223000       0.004434
      838.293200       0.004482
      838.363500       0.004531
      838.433800       0.004580
      838.504200       0.004630
      838.574400       0.004680
      838.644800       0.004732
      838.715100       0.004783
      838.785500       0.004836
      838.855800       0.004889
      838.926100       0.004943
      838.996600       0.004997
      839.067000       0.005053
      839.137400       0.005109
      839.207800       0.005165
      839.278200       0.005223
      839.348700       0.005281
      839.419100       0.005340
      839.489600       0.005399
      839.560100       0.005460
      839.630600       0.005521
      839.701000       0.005583
      839.771600       0.005646
      839.842200       0.005710
      839.912700       0.005775
      839.983200       0.005840
      840.053800       0.005906
      840.124300       0.005974
      840.194900       0.006042
      840.265500       0.006111
      840.336200       0.006181
      840.406700       0.006252
      840.477400       0.006323
      840.548000       0.006396
      840.618700       0.006470
      840.689300       0.006545
      840.760100       0.006621
      840.830700       0.006697
      840.901400       0.006775
      840.972200       0.006854
      841.042800       0.006934
      841.113600       0.007015
      841.184400       0.007098
      841.255100       0.007181
      841.325900       0.007265
      841.396700       0.007351
      841.467500       0.007438
      841.538300       0.007526
      841.609100       0.007615
      841.680100       0.007706
      841.750900       0.007797
      841.821700       0.007890
      841.892600       0.007985
      841.963400       0.008080
      842.034300       0.008177
      842.105300       0.008276
      842.176200       0.008375
      842.247100       0.008477
      842.318100       0.008579
      842.389000       0.008683
      842.460000       0.008789
      842.530900       0.008896
      842.601900       0.009004
      842.673000       0.009114
      842.744000       0.009226
      842.815000       0.009339
      842.886000       0.009454
      842.957100       0.009570
      843.028100       0.009688
      843.099200       0.009808
      843.170300       0.009930
      843.241400       0.010053
      843.312600       0.010178
      843.383600       0.010305
      843.454800       0.010434
      843.526000       0.010565
      843.597100       0.010697
      843.668300       0.010832
      843.739400       0.010968
      843.810700       0.011107
      843.881800       0.011247
      843.953100       0.011390
      844.024400       0.011534
      844.095500       0.011681
      844.166800       0.011830
      844.238000       0.011981
      844.309400       0.012135
      844.380600       0.012290
      844.452000       0.012448
      844.523300       0.012609
      844.594600       0.012772
      844.666000       0.012937
      844.737200       0.013105
      844.808700       0.013275
      844.880000       0.013448
      844.951400       0.013623
      845.022800       0.013801
      845.094200       0.013982
      845.165600       0.014166
      845.237100       0.014352
      845.308500       0.014541
      845.379900       0.014733
      845.451500       0.014928
      845.523000       0.015126
      845.594400       0.015327
      845.666000       0.015532
      845.737500       0.015739
      845.809000       0.015949
      845.880600       0.016163
      845.952100       0.016380
      846.023700       0.016601
      846.095300       0.016825
      846.166900       0.017052
      846.238500       0.017283
      846.310100       0.017517
      846.381800       0.017756
      846.453400       0.017997
      846.525000       0.018243
      846.596700       0.018493
      846.668400       0.018747
      846.740000       0.019004
      846.811800       0.019266
      846.883500       0.019532
      846.955200       0.019802
      847.027000       0.020076
      847.098700       0.020355
      847.170500       0.020638
      847.242200       0.020926
      847.314000       0.021218
      847.385900       0.021516
      847.457600       0.021818
      847.529500       0.022124
      847.601300       0.022436
      847.673200       0.022753
      847.745100       0.023075
      847.816900       0.023402
      847.888800       0.023735
      847.960600       0.024073
      848.032600       0.024416
      848.104400       0.024765
      848.176500       0.025120
      848.248400       0.025481
      848.320300       0.025847
      848.392300       0.026220
      848.464200       0.026599
      848.536300       0.026984
      848.608300       0.027376
      848.680300       0.027774
      848.752400       0.028178
      848.824300       0.028590
      848.896500       0.029008
      848.968500       0.029434
      849.040600       0.029866
      849.112700       0.030306
      849.184800       0.030753
      849.257000       0.031207
      849.329000       0.031670
      849.401200       0.032140
      849.473300       0.032618
      849.545500       0.033104
      849.617600       0.033599
      849.689900       0.034102
      849.762100       0.034613
      849.834300       0.035133
      849.906600       0.035663
      849.978700       0.036201
      850.051000       0.036748
      850.123300       0.037305
      850.195600       0.037871
      850.267900       0.038448
      850.340100       0.039034
      850.412500       0.039630
      850.484700       0.040237
      850.557100       0.040854
      850.629500       0.041482
      850.701800       0.042120
      850.774200       0.042770
      850.846600       0.043432
      850.919000       0.044104
      850.991400       0.044789
      851.063800       0.045486
      851.136300       0.046194
      851.208700       0.046916
      851.281200       0.047650
      851.353600       0.048397
      851.426100       0.049157
      851.498600       0.049930
      851.571200       0.050718
      851.643700       0.051519
      851.716200       0.052334
      851.788800       0.053164
      851.861300       0.054009
      851.933900       0.054869
      852.006500       0.055744
      852.079000       0.056634
      852.151700       0.057541
      852.224300       0.058464
      852.296900       0.059403
      852.369600       0.060359
      852.442300       0.061332
      852.515000       0.062323
      852.587600       0.063332
      852.660300       0.064359
      852.733000       0.065404
      852.805700       0.066468
      852.878400       0.067551
      852.951200       0.068654
      853.024000       0.069777
      853.096700       0.070920
      853.169600       0.072084
      853.242300       0.073269
      853.315100       0.074475
      853.387900       0.075704
      853.460800       0.076954
      853.533600       0.078228
      853.606500       0.079524
      853.679400       0.080844
      853.752200       0.082188
      853.825100       0.083556
      853.898000       0.084950
      853.970900       0.086368
      854.043900       0.087813
      854.116800       0.089283
      854.189800       0.090781
      854.262800       0.092306
      854.335800       0.093858
      854.408700       0.095439
      854.481800       0.097049
      854.554800       0.098688
      854.627800       0.100356
      854.700900       0.102055
      854.773900       0.103785
      854.847000       0.105547
      854.920100       0.107340
      854.993200       0.109166
      855.066300       0.111025
      855.139300       0.112918
      855.212500       0.114845
      855.285600       0.116807
      855.358800       0.118805
      855.432000       0.120838
      855.505200       0.122908
      855.578400       0.125016
      855.651600       0.127161
      855.724800       0.129345
      855.798000       0.131569
      855.871300       0.133832
      855.944600       0.136135
      856.017800       0.138480
      856.091100       0.140867
      856.164400       0.143296
      856.237700       0.145768
      856.311000       0.148284
      856.384300       0.150844
      856.457700       0.153450
      856.531000       0.156101
      856.604400       0.158799
      856.677800       0.161544
      856.751200       0.164337
      856.824600       0.167178
      856.898000       0.170069
      856.971500       0.173010
      857.044900       0.176001
      857.118400       0.179043
      857.191800       0.182138
      857.265300       0.185285
      857.338900       0.188485
      857.412300       0.191739
      857.485900       0.195048
      857.559400       0.198413
      857.632900       0.201833
      857.706500       0.205309
      857.780100       0.208843
      857.853700       0.212435
      857.927200       0.216084
      858.000900       0.219793
      858.074500       0.223562
      858.148100       0.227390
      858.221700       0.231280
      858.295400       0.235230
      858.369100       0.239242
      858.442700       0.243316
      858.516500       0.247453
      858.590100       0.251653
      858.663900       0.255917
      858.737600       0.260244
      858.811400       0.264636
      858.885200       0.269092
      858.958900       0.273613
      859.032700       0.278200
      859.106500       0.282851
      859.180400       0.287569
      859.254200       0.292352
      859.328000       0.297201
      859.401900       0.302116
      859.475700       0.307097
      859.549600       0.312144
      859.623500       0.317257
      859.697400       0.322436
      859.771400       0.327680
      859.845200       0.332990
      859.919200       0.338366
      859.993100       0.343806
      860.067100       0.349311
      860.141100       0.354881
      860.215000       0.360514
      860.289100       0.366210
      860.363000       0.371969
      860.437100       0.377789
      860.511100       0.383671
      860.585200       0.389614
      860.659200       0.395616
      860.733300       0.401677
      860.807500       0.407795
      860.881500       0.413970
      860.955700       0.420201
      861.029800       0.426485
      861.103900       0.432823
      861.178000       0.439212
      861.252300       0.445652
      861.326500       0.452140
      861.400600       0.458676
      861.474900       0.465257
      861.549000       0.471882
      861.623300       0.478548
      861.697600       0.485256
      861.771800       0.492001
      861.846100       0.498782
      861.920300       0.505598
      861.994700       0.512446
      862.068900       0.519324
      862.143300       0.526230
      862.217700       0.533160
      862.292000       0.540114
      862.366300       0.547088
      862.440700       0.554081
      862.515100       0.561089
      862.589500       0.568110
      862.663900       0.575141
      862.738300       0.582179
      862.812700       0.589223
      862.887300       0.596269
      862.961700       0.603314
      863.036200       0.610356
      863.110600       0.617391
      863.185200       0.624418
      863.259700       0.631432
      863.334200       0.638432
      863.408800       0.645414
      863.483300       0.652375
      863.557900       0.659313
      863.632400       0.666224
      863.707000       0.673106
      863.781700       0.679955
      863.856300       0.686770
      863.930900       0.693547
      864.005500       0.700283
      864.080200       0.706976
      864.154900       0.713622
      864.229600       0.720220
      864.304300       0.726766
      864.378900       0.733258
      864.453700       0.739694
      864.528400       0.746070
      864.603100       0.752385
      864.677900       0.758636
      864.752700       0.764821
      864.827500       0.770937
      864.902200       0.776983
      864.977100       0.782956
      865.051900       0.788854
      865.126800       0.794676
      865.201600       0.800420
      865.276400       0.806084
      865.351400       0.811665
      865.426200       0.817164
      865.501200       0.822578
      865.576000       0.827906
      865.650900       0.833146
      865.726000       0.838298
      865.800800       0.843361
      865.875900       0.848332
      865.950800       0.853212
      866.025800       0.858001
      866.100800       0.862696
      866.175800       0.867297
      866.250900       0.871805
      866.325900       0.876218
      866.401000       0.880536
      866.476000       0.884759
      866.551100       0.888888
      866.626300       0.892920
      866.701400       0.896858
      866.776500       0.900702
      866.851600       0.904450
      866.926800       0.908104
      867.001900       0.911664
      867.077100       0.915130
      867.152300       0.918503
      867.227500       0.921783
      867.302700       0.924972
      867.377900       0.928070
      867.453200       0.931077
      867.528400       0.933995
      867.603700       0.936825
      867.679000       0.939567
      867.754200       0.942223
      867.829600       0.944793
      867.904800       0.947278
      867.980200       0.949681
      868.055500       0.952002
      868.130900       0.954242
      868.206300       0.956402
      868.281700       0.958485
      868.357100       0.960490
      868.432400       0.962420
      868.507900       0.964276
      868.583400       0.966060
      868.658800       0.967772
      868.734300       0.969414
      868.809700       0.970989
      868.885300       0.972496
      868.960700       0.973938
      869.036300       0.975316
      869.111800       0.976631
      869.187300       0.977886
      869.262900       0.979080
      869.338400       0.980218
      869.414000       0.981298
      869.489600       0.982324
      869.565200       0.983296
      869.640900       0.984269
      869.716500       0.985192
      869.792100       0.986066
      869.867700       0.986892
      869.943500       0.987672
      870.019100       0.988407
      870.094800       0.989098
      870.170600       0.989748
      870.246300       0.990357
      870.322000       0.990926
      870.397800       0.991457
      870.473600       0.991952
      870.549300       0.992410
      870.625100       0.992835
      870.700900       0.993227
      870.776700       0.993586
      870.852600       0.993915
      870.928400       0.994215
      871.004300       0.994486
      871.080200       0.994730
      871.156000       0.994948
      871.231900       0.995141
      871.307800       0.995309
      871.383800       0.995455
      871.459700       0.995579
      871.535600       0.995682
      871.611600       0.995764
      871.687600       0.995828
      871.763600       0.995873
      871.839500       0.995901
      871.915600       0.995912
      871.991600       0.995908
      872.067700       0.995889
      872.143700       0.995856
      872.219800       0.995810
      872.295900       0.995750
      872.371900       0.995680
      872.448100       0.995598
      872.524200       0.995505
      872.600300       0.995403
      872.676500       0.995291
      872.752600       0.995171
      872.828900       0.995044
      872.905000       0.994908
      872.981300       0.994766
      873.057400       0.994617
      873.133700       0.994463
      873.210000       0.994303
      873.286100       0.994139
      873.362500       0.993970
      873.438700       0.993797
      873.515000       0.993621
      873.591400       0.993441
      873.667700       0.993259
      873.744000       0.993075
      873.820300       0.992889
      873.896700       0.992701
      873.973000       0.992511
      874.049500       0.992321
      874.125900       0.992130
      874.202300       0.991938
      874.278700       0.991747
      874.355200       0.991555
      874.431600       0.991364
      874.508100       0.991174
      874.584600       0.990984
      874.661100       0.990795
      874.737500       0.990608
      874.814100       0.990422
      874.890600       0.990237
      874.967200       0.990055
      875.043700       0.989874
      875.120300       0.989695
      875.197000       0.989519
      875.273500       0.989344
      875.350200       0.989172
      875.426800       0.989003
      875.503400       0.988836
      875.580100       0.988672
      875.656700       0.988511
      875.733500       0.988353
      875.810100       0.988197
      875.886800       0.988045
      875.963600       0.987895
      876.040300       0.987749
      876.117100       0.987606
      876.193800       0.987466
      876.270600       0.987329
      876.347400       0.987195
      876.424200       0.987065
      876.501000       0.986938
      876.577800       0.986814
      876.654700       0.986694
      876.731500       0.986577
      876.808400       0.986462
      876.885300       0.986352
      876.962200       0.986244
      877.039100       0.986140
      877.116000       0.986039
      877.193000       0.985941
      877.269900       0.985846
      877.346900       0.985755
      877.423900       0.985666
      877.500900       0.985581
      877.577800       0.985498
      877.654900       0.985419
      877.732000       0.985343
      877.809000       0.985269
      877.886000       0.985199
      877.963100       0.985131
      878.040200       0.985066
      878.117400       0.985003
      878.194400       0.984944
      878.271600       0.984887
      878.348700       0.984833
      878.425900       0.984781
      878.503000       0.984732
      878.580200       0.984685
      878.657500       0.984641
      878.734600       0.984599
      878.811900       0.984559
      878.889000       0.984521
      878.966400       0.984486
      879.043600       0.984453
      879.120800       0.984422
      879.198200       0.984393
      879.275500       0.984366
      879.352800       0.984341
      879.430100       0.984318
      879.507500       0.984296
      879.584800       0.984277
      879.662200       0.984259
      879.739600       0.984244
      879.817000       0.984230
      879.894400       0.984217
      879.971800       0.984206
      880.049300       0.984197
      880.126700       0.984189
      880.204200       0.984183
      880.281700       0.984178
      880.359200       0.984175
      880.436700       0.984174
      880.514200       0.984173
      880.591700       0.984174
      880.669400       0.984176
      880.746900       0.984180
      880.824500       0.984185
      880.902000       0.984192
      880.979700       0.984199
      881.057300       0.984208
      881.134900       0.984219
      881.212600       0.984230
      881.290200       0.984243
      881.367900       0.984257
      881.445600       0.984272
      881.523300       0.984289
      881.601000       0.984307
      881.678700       0.984326
      881.756500       0.984346
      881.834200       0.984368
      881.912000       0.984391
      881.989700       0.984415
      882.067600       0.984441
      882.145300       0.984468
      882.223200       0.984496
      882.301100       0.984526
      882.378900       0.984557
      882.456800       0.984590
      882.534600       0.984624
      882.612500       0.984659
      882.690400       0.984696
      882.768400       0.984735
      882.846300       0.984775
      882.924300       0.984817
      883.002200       0.984861
      883.080100       0.984906
      883.158200       0.984953
      883.236200       0.985002
      883.314200       0.985053
      883.392300       0.985106
      883.470300       0.985160
      883.548300       0.985217
      883.626300       0.985275
      883.704500       0.985336
      883.782600       0.985399
      883.860700       0.985464
      883.938800       0.985531
      884.017000       0.985601
      884.095200       0.985673
      884.173300       0.985748
      884.251500       0.985825
      884.329700       0.985904
      884.407900       0.985986
      884.486100       0.986071
      884.564300       0.986158
      884.642600       0.986248
      884.720800       0.986341
      884.799100       0.986437
      884.877500       0.986536
      884.955700       0.986637
      885.034100       0.986742
      885.112400       0.986850
      885.190700       0.986961
      885.269200       0.987075
      885.347500       0.987192
      885.425900       0.987312
      885.504300       0.987436
      885.582700       0.987563
      885.661100       0.987693
      885.739600       0.987827
      885.818100       0.987964
      885.896500       0.988105
      885.975000       0.988249
      886.053500       0.988396
      886.132000       0.988548
      886.210500       0.988702
      886.289100       0.988860
      886.367700       0.989022
      886.446200       0.989187
      886.524800       0.989356
      886.603400       0.989528
      886.682100       0.989703
      886.760600       0.989882
      886.839300       0.990065
      886.918000       0.990250
      886.996600       0.990440
      887.075300       0.990632
      887.154000       0.990828
      887.232700       0.991026
      887.311400       0.991228
      887.390200       0.991433
      887.469000       0.991641
      887.547700       0.991851
      887.626500       0.992065
      887.705300       0.992280
      887.784100       0.992499
      887.863000       0.992719
      887.941800       0.992942
      888.020600       0.993166
      888.099400       0.993393
      888.178300       0.993621
      888.257200       0.993850
      888.336100       0.994081
      888.415100       0.994312
      888.494000       0.994544
      888.573000       0.994777
      888.651900       0.995010
      888.730900       0.995243
      888.809900       0.995475
      888.888900       0.995707
      888.968000       0.995937
      889.046900       0.996167
      889.126000       0.996394
      889.205000       0.996619
      889.284100       0.996842
      889.363200       0.997062
      889.442300       0.997278
      889.521500       0.997490
      889.600600       0.997698
      889.679700       0.997901
      889.758900       0.998099
      889.838100       0.998290
      889.917200       0.998475
      889.996500       0.998653
      890.075700       0.998823
      890.154800       0.998985
      890.234100       0.999138
      890.313400       0.999281
      890.392600       0.999413
      890.472000       0.999534
      890.551300       0.999643
      890.630600       0.999740
      890.709900       0.999822
      890.789200       0.999890
      890.868600       0.999943
      890.948000       0.999980
      891.027400       0.999999
      891.106800       1.000000
      891.186200       0.999982
      891.265600       0.999944
      891.345000       0.999884
      891.424400       0.999802
      891.504000       0.999696
      891.583500       0.999566
      891.663000       0.999410
      891.742500       0.999227
      891.822000       0.999016
      891.901600       0.998775
      891.981100       0.998504
      892.060700       0.998200
      892.140300       0.997863
      892.219800       0.997490
      892.299500       0.997082
      892.379000       0.996635
      892.458700       0.996150
      892.538300       0.995623
      892.618000       0.995055
      892.697800       0.994442
      892.777400       0.993784
      892.857200       0.993079
      892.936800       0.992325
      893.016600       0.991521
      893.096400       0.990665
      893.176100       0.989756
      893.255900       0.988790
      893.335700       0.987768
      893.415500       0.986687
      893.495300       0.985545
      893.575200       0.984340
      893.655100       0.983072
      893.734900       0.981737
      893.814800       0.980335
      893.894700       0.978863
      893.974600       0.977320
      894.054500       0.975703
      894.134500       0.974012
      894.214500       0.972244
      894.294400       0.970397
      894.374400       0.968471
      894.454300       0.966462
      894.534400       0.964370
      894.614400       0.962192
      894.694500       0.959927
      894.774500       0.957574
      894.854600       0.955130
      894.934700       0.952594
      895.014800       0.949966
      895.094900       0.947242
      895.175000       0.944422
      895.255100       0.941505
      895.335300       0.938489
      895.415500       0.935373
      895.495700       0.932155
      895.575800       0.928835
      895.656100       0.925412
      895.736300       0.921885
      895.816500       0.918252
      895.896800       0.914513
      895.977100       0.910668
      896.057400       0.906715
      896.137600       0.902655
      896.218000       0.898486
      896.298300       0.894210
      896.378600       0.889824
      896.459000       0.885330
      896.539300       0.880727
      896.619800       0.876016
      896.700100       0.871196
      896.780600       0.866269
      896.861000       0.861234
      896.941400       0.856093
      897.021900       0.850846
      897.102400       0.845493
      897.182900       0.840037
      897.263300       0.834478
      897.343900       0.828817
      897.424400       0.823057
      897.504900       0.817197
      897.585500       0.811240
      897.666000       0.805188
      897.746600       0.799043
      897.827300       0.792807
      897.907900       0.786481
      897.988500       0.780068
      898.069200       0.773570
      898.149800       0.766990
      898.230500       0.760331
      898.311200       0.753594
      898.391900       0.746784
      898.472600       0.739902
      898.553300       0.732951
      898.634000       0.725936
      898.714800       0.718858
      898.795600       0.711720
      898.876400       0.704527
      898.957200       0.697282
      899.038000       0.689987
      899.118900       0.682646
      899.199700       0.675263
      899.280600       0.667841
      899.361400       0.660384
      899.442300       0.652895
      899.523300       0.645378
      899.604200       0.637836
      899.685100       0.630273
      899.766100       0.622692
      899.847000       0.615098
      899.928000       0.607493
      900.009000       0.599881
      900.090000       0.592265
      900.171000       0.584650
      900.252100       0.577039
      900.333100       0.569434
      900.414200       0.561840
      900.495300       0.554259
      900.576400       0.546695
      900.657500       0.539151
      900.738600       0.531630
      900.819800       0.524134
      900.900900       0.516668
      900.982100       0.509234
      901.063300       0.501835
      901.144500       0.494473
      901.225700       0.487152
      901.306900       0.479873
      901.388100       0.472639
      901.469400       0.465453
      901.550700       0.458316
      901.632000       0.451232
      901.713300       0.444201
      901.794600       0.437227
      901.875900       0.430311
      901.957300       0.423454
      902.038600       0.416660
      902.120000       0.409928
      902.201400       0.403261
      902.282800       0.396660
      902.364200       0.390126
      902.445600       0.383661
      902.527100       0.377266
      902.608500       0.370942
      902.690000       0.364689
      902.771500       0.358509
      902.853000       0.352403
      902.934600       0.346371
      903.016100       0.340414
      903.097700       0.334532
      903.179200       0.328726
      903.260700       0.322996
      903.342400       0.317342
      903.424000       0.311766
      903.505600       0.306266
      903.587200       0.300844
      903.668900       0.295499
      903.750600       0.290231
      903.832200       0.285039
      903.913900       0.279925
      903.995700       0.274888
      904.077400       0.269927
      904.159100       0.265043
      904.240900       0.260234
      904.322700       0.255501
      904.404400       0.250843
      904.486300       0.246259
      904.568100       0.241750
      904.649900       0.237315
      904.731700       0.232952
      904.813600       0.228662
      904.895500       0.224444
      904.977400       0.220298
      905.059300       0.216221
      905.141200       0.212215
      905.223100       0.208278
      905.305100       0.204409
      905.387000       0.200608
      905.469100       0.196873
      905.551000       0.193205
      905.633100       0.189602
      905.715000       0.186064
      905.797100       0.182589
      905.879200       0.179177
      905.961200       0.175827
      906.043300       0.172538
      906.125400       0.169309
      906.207500       0.166140
      906.289600       0.163029
      906.371800       0.159976
      906.454000       0.156980
      906.536100       0.154040
      906.618300       0.151155
      906.700500       0.148324
      906.782700       0.145546
      906.864900       0.142821
      906.947200       0.140148
      907.029500       0.137525
      907.111800       0.134953
      907.194100       0.132430
      907.276300       0.129955
      907.358700       0.127527
      907.441000       0.125146
      907.523400       0.122811
      907.605800       0.120521
      907.688100       0.118276
      907.770500       0.116073
      907.852900       0.113914
      907.935400       0.111796
      908.017800       0.109719
      908.100200       0.107683
      908.182700       0.105687
      908.265200       0.103729
      908.347700       0.101810
      908.430200       0.099928
      908.512800       0.098083
      908.595300       0.096273
      908.677900       0.094500
      908.760500       0.092761
      908.843000       0.091056
      908.925700       0.089384
      909.008200       0.087745
      909.090900       0.086138
      909.173600       0.084560
      909.256200       0.083012
      909.338900       0.081495
      909.421600       0.080008
      909.504300       0.078550
      909.587000       0.077120
      909.669800       0.075719
      909.752600       0.074345
      909.835300       0.072998
      909.918200       0.071677
      910.000900       0.070382
      910.083700       0.069113
      910.166500       0.067868
      910.249400       0.066648
      910.332300       0.065452
      910.415200       0.064278
      910.498000       0.063128
      910.580900       0.062001
      910.663900       0.060895
      910.746800       0.059811
      910.829800       0.058748
      910.912800       0.057705
      910.995700       0.056683
      911.078700       0.055681
      911.161700       0.054698
      911.244800       0.053734
      911.327800       0.052789
      911.410800       0.051862
      911.494000       0.050953
      911.577000       0.050062
      911.660200       0.049188
      911.743200       0.048330
      911.826400       0.047489
      911.909500       0.046665
      911.992700       0.045856
      912.075900       0.045062
      912.159100       0.044284
      912.242300       0.043520
      912.325500       0.042772
      912.408800       0.042037
      912.492100       0.041316
      912.575300       0.040610
      912.658600       0.039916
      912.741800       0.039236
      912.825200       0.038569
      912.908500       0.037914
      912.991900       0.037271
      913.075300       0.036641
      913.158600       0.036022
      913.242000       0.035416
      913.325400       0.034820
      913.408900       0.034236
      913.492300       0.033663
      913.575700       0.033100
      913.659200       0.032548
      913.742700       0.032006
      913.826200       0.031474
      913.909700       0.030952
      913.993200       0.030440
      914.076800       0.029937
      914.160300       0.029444
      914.244000       0.028959
      914.327500       0.028484
      914.411100       0.028017
      914.494700       0.027559
      914.578400       0.027109
      914.662000       0.026668
      914.745700       0.026234
      914.829400       0.025809
      914.913100       0.025391
      914.996800       0.024981
      915.080500       0.024578
      915.164200       0.024183
      915.248000       0.023794
      915.331800       0.023413
      915.415600       0.023039
      915.499400       0.022671
      915.583300       0.022310
      915.667100       0.021955
      915.750900       0.021607
      915.834800       0.021265
      915.918600       0.020929
      916.002600       0.020599
      916.086400       0.020275
      916.170400       0.019957
      916.254400       0.019644
      916.338300       0.019337
      916.422300       0.019035
      916.506300       0.018738
      916.590300       0.018447
      916.674300       0.018161
      916.758400       0.017880
      916.842400       0.017604
      916.926500       0.017332
      917.010600       0.017065
      917.094600       0.016803
      917.178800       0.016546
      917.262900       0.016293
      917.347000       0.016044
      917.431200       0.015800
      917.515400       0.015560
      917.599600       0.015324
      917.683700       0.015092
      917.768000       0.014864
      917.852200       0.014640
      917.936500       0.014419
      918.020800       0.014203
      918.105000       0.013990
      918.189300       0.013781
      918.273600       0.013575
      918.358000       0.013373
      918.442400       0.013174
      918.526700       0.012979
      918.611100       0.012787
      918.695400       0.012598
      918.779800       0.012412
      918.864300       0.012229
      918.948700       0.012050
      919.033200       0.011873
      919.117600       0.011699
      919.202100       0.011529
      919.286600       0.011361
      919.371200       0.011196
      919.455600       0.011033
      919.540200       0.010873
      919.624800       0.010716
      919.709400       0.010562
      919.794000       0.010410
      919.878500       0.010260
      919.963200       0.010113
      920.047800       0.009968
      920.132500       0.009826
      920.217200       0.009686
      920.301800       0.009548
      920.386600       0.009413
      920.471300       0.009279
      920.556000       0.009148
      920.640700       0.009019
      920.725500       0.008892
      920.810400       0.008767
      920.895100       0.008644
      920.979900       0.008523
      921.064700       0.008404
      921.149600       0.008287
      921.234500       0.008172
      921.319300       0.008058
      921.404200       0.007947
      921.489100       0.007837
      921.574000       0.007728
      921.658900       0.007622
      921.744000       0.007517
      921.828900       0.007414
      921.913900       0.007313
      921.998900       0.007213
      922.083900       0.007114
      922.168900       0.007017
      922.254000       0.006922
      922.339100       0.006828
      922.424200       0.006736
      922.509200       0.006645
      922.594400       0.006555
      922.679400       0.006467
      922.764600       0.006380
      922.849700       0.006295
      922.934900       0.006210
      923.020100       0.006127
      923.105300       0.006046
      923.190600       0.005965
      923.275800       0.005886
      923.361000       0.005808
      923.446300       0.005732
      923.531600       0.005656
      923.616900       0.005581
      923.702200       0.005508
      923.787500       0.005436
      923.872900       0.005365
      923.958300       0.005294
      924.043600       0.005225
      924.129000       0.005157
      924.214400       0.005090
      924.299800       0.005024
      924.385300       0.004959
      924.470700       0.004895
      924.556200       0.004832
      924.641700       0.004770
      924.727200       0.004709
      924.812700       0.004648
      924.898300       0.004589
      924.983800       0.004530
      925.069300       0.004472
      925.155000       0.004416
      925.240600       0.004360
      925.326200       0.004304
      925.411800       0.004250
      925.497400       0.004196
      925.583100       0.004143
      925.668800       0.004091
      925.754500       0.004040
      925.840200       0.003989
      925.925900       0.003939
      926.011700       0.003890
      926.097400       0.003842
      926.183200       0.003794
      926.269000       0.003747
      926.354800       0.003700
      926.440700       0.003655
      926.526400       0.003610
      926.612300       0.003565
      926.698100       0.003521
      926.784100       0.003478
      926.870000       0.003435
      926.955900       0.003393
      927.041800       0.003352
      927.127700       0.003311
      927.213700       0.003271
      927.299700       0.003231
      927.385700       0.003192
      927.471700       0.003154
      927.557700       0.003116
      927.643800       0.003078
      927.729800       0.003041
      927.815900       0.003005
      927.902000       0.002969
      927.988100       0.002933
      928.074300       0.002898
      928.160400       0.002864
      928.246600       0.002830
      928.332700       0.002796
      928.418900       0.002763
      928.505100       0.002730
      928.591300       0.002698
      928.677600       0.002666
      928.763800       0.002635
      928.850100       0.002604
      928.936300       0.002574
      929.022600       0.002543
      929.109000       0.002514
      929.195300       0.002484
      929.281700       0.002456
      929.368000       0.002427
      929.454400       0.002399
      929.540800       0.002371
      929.627200       0.002344
      929.713700       0.002317
      929.800100       0.002290
      929.886600       0.002264
      929.973000       0.002238
      930.059500       0.002213
      930.146000       0.002187
      930.232500       0.002162
      930.319200       0.002138
      930.405600       0.002114
      930.492200       0.002090
      930.578800       0.002066
      930.665400       0.002043
      930.752000       0.002020
      930.838700       0.001997
      930.925400       0.001975
      931.012000       0.001952
      931.098700       0.001931
      931.185400       0.001909
      931.272100       0.001888
      931.358800       0.001867
      931.445600       0.001846
      931.532400       0.001826
      931.619100       0.001805
      931.706000       0.001786
      931.792700       0.001766
      931.879600       0.001746
      931.966500       0.001727
      932.053300       0.001708
      932.140200       0.001690
      932.227100       0.001671
      932.314000       0.001653
      932.400900       0.001635
      932.487900       0.001617
      932.574900       0.001600
      932.661800       0.001582
      932.748800       0.001565
      932.835800       0.001548
      932.922900       0.001532
      933.009800       0.001515
      933.096900       0.001499
      933.184100       0.001483
      933.271100       0.001467
      933.358200       0.001452
      933.445300       0.001436
      933.532500       0.001421
      933.619600       0.001406
      933.706800       0.001391
      933.794100       0.001376
      933.881200       0.001362
      933.968400       0.001347
      934.055700       0.001333
      934.142900       0.001319
      934.230200       0.001305
      934.317500       0.001292
      934.404800       0.001278
      934.492100       0.001265
      934.579500       0.001252
      934.666700       0.001239
      934.754200       0.001226
      934.841600       0.001213
      934.929000       0.001201
      935.016400       0.001188
      935.103800       0.001176
      935.191300       0.001164
      935.278700       0.001152
      935.366200       0.001140
      935.453700       0.001129
      935.541200       0.001117
      935.628800       0.001106
      935.716200       0.001095
      935.803900       0.001084
      935.891400       0.001073
      935.979000       0.001062
      936.066700       0.001051
      936.154200       0.001041
      936.241900       0.001030
      936.329600       0.001020
      936.417300       0.001010
      936.504900       0.000999
      936.592700       0.000989
      936.680400       0.000980
      936.768100       0.000970
      936.856000       0.000960
      936.943700       0.000951
      937.031500       0.000941
      937.119300       0.000932
      937.207100       0.000923
      937.295000       0.000914
      937.382800       0.000905
      937.470700       0.000896
      937.558600       0.000887
      937.646500       0.000879
      937.734500       0.000870
      937.822400       0.000862
      937.910300       0.000853
      937.998300       0.000845
      938.086300       0.000837
      938.174300       0.000829
      938.262300       0.000821
      938.350400       0.000813
      938.438400       0.000805
      938.526600       0.000797
      938.614600       0.000790
      938.702700       0.000782
      938.790800       0.000775
      938.879000       0.000767
      938.967200       0.000760
      939.055300       0.000753
      939.143500       0.000746
      939.231700       0.000739
      939.319900       0.000732
      939.408100       0.000725
      939.496400       0.000718
      939.584700       0.000711
      939.673000       0.000705
      939.761300       0.000698
      939.849600       0.000691
      939.938000       0.000685
      940.026400       0.000679
      940.114700       0.000672
      940.203100       0.000666
      940.291400       0.000660
      940.379900       0.000654
      940.468300       0.000648
      940.556800       0.000642
      940.645300       0.000636
      940.733800       0.000630
      940.822300       0.000624
      940.910800       0.000619
      940.999300       0.000613
      941.087900       0.000608
      941.176500       0.000602
      941.265100       0.000597
      941.353600       0.000591
      941.442300       0.000586
      941.530900       0.000581
      941.619600       0.000575
      941.708200       0.000570
      941.796900       0.000565
      941.885700       0.000560
      941.974400       0.000555
      942.063100       0.000550
      942.151900       0.000545
      942.240700       0.000540
      942.329400       0.000535
      942.418200       0.000531
      942.507100       0.000526
      942.595900       0.000522
      942.684800       0.000517
      942.773600       0.000512
      942.862500       0.000508
      942.951500       0.000503
      943.040300       0.000499
      943.129300       0.000495
