7, Band_6 ;SRF extracted from  http://asterweb.jpl.nasa.gov/content/01_mission/03_instrument/archive/swir.txt
Number of data points:
49
Wavenumber (cm-1)   Filter response
     4266.211604       0.000000
     4355.400697       0.000200
     4367.765888       0.001200
     4380.201489       0.002100
     4392.708105       0.003000
     4405.286344       0.004000
     4410.143330       0.005000
     4415.011038       0.006000
     4419.889503       0.007000
     4424.778761       0.008000
     4429.678848       0.010000
     4434.589800       0.012000
     4439.511654       0.014000
     4444.444444       0.016000
     4449.388209       0.026300
     4454.342984       0.036500
     4459.308807       0.046800
     4464.285714       0.057000
     4469.273743       0.107000
     4474.272931       0.164000
     4479.283315       0.238000
     4484.304933       0.328000
     4489.337823       0.516000
     4494.382022       0.754000
     4499.437570       0.820000
     4504.504504       0.934000
     4509.582864       1.000000
     4514.672686       0.984000
     4519.774011       0.955000
     4524.886878       0.929000
     4530.011325       0.902000
     4535.147392       0.886000
     4540.295119       0.869000
     4545.454545       0.852000
     4550.625711       0.779000
     4555.808656       0.762000
     4561.003421       0.742000
     4566.210046       0.602000
     4571.428571       0.500000
     4576.659039       0.352000
     4581.901489       0.254000
     4587.155963       0.172000
     4592.422503       0.107000
     4597.701149       0.066000
     4602.991945       0.049000
     4608.294931       0.037000
     4629.629630       0.016000
     4651.162791       0.008000
     4752.851711       0.000000
