4,   channel 4 SRF from file SRF_SSH-1_Delivery_220520/SRF_DMSP-F2_SSH_Chan04.asc received June 2022 from SPASCIA
Number of data points:
461
Wavenumber (cm-1)   Filter response
      375.000000       0.002400
      375.100000       0.002500
      375.200000       0.002600
      375.300000       0.002700
      375.400000       0.002800
      375.500000       0.002900
      375.600000       0.003000
      375.700000       0.003100
      375.800000       0.003200
      375.900000       0.003300
      376.000000       0.003400
      376.100000       0.003500
      376.200000       0.003600
      376.300000       0.003700
      376.400000       0.003800
      376.500000       0.003900
      376.600000       0.004000
      376.700000       0.004100
      376.800000       0.004200
      376.900000       0.004300
      377.000000       0.004400
      377.100000       0.004500
      377.200000       0.004600
      377.300000       0.004700
      377.400000       0.004800
      377.500000       0.004900
      377.600000       0.005000
      377.700000       0.005100
      377.800000       0.005300
      377.900000       0.005400
      378.000000       0.005600
      378.100000       0.005800
      378.200000       0.006000
      378.300000       0.006200
      378.400000       0.006400
      378.500000       0.006600
      378.600000       0.006700
      378.700000       0.006800
      378.800000       0.007000
      378.900000       0.007100
      379.000000       0.007300
      379.100000       0.007500
      379.200000       0.007800
      379.300000       0.008000
      379.400000       0.008300
      379.500000       0.008500
      379.600000       0.008700
      379.700000       0.009000
      379.800000       0.009200
      379.900000       0.009500
      380.000000       0.009700
      380.100000       0.010000
      380.200000       0.010300
      380.300000       0.010600
      380.400000       0.010900
      380.500000       0.011200
      380.600000       0.011500
      380.700000       0.011700
      380.800000       0.012000
      380.900000       0.012300
      381.000000       0.012600
      381.100000       0.013000
      381.200000       0.013400
      381.300000       0.013800
      381.400000       0.014200
      381.500000       0.014600
      381.600000       0.015000
      381.700000       0.015300
      381.800000       0.015700
      381.900000       0.016100
      382.000000       0.016500
      382.100000       0.017000
      382.200000       0.017500
      382.300000       0.018000
      382.400000       0.018400
      382.500000       0.018900
      382.600000       0.019500
      382.700000       0.020000
      382.800000       0.020500
      382.900000       0.021100
      383.000000       0.021600
      383.100000       0.022100
      383.200000       0.022700
      383.300000       0.023200
      383.400000       0.023700
      383.500000       0.024300
      383.600000       0.025200
      383.700000       0.026200
      383.800000       0.027200
      383.900000       0.028200
      384.000000       0.029100
      384.100000       0.029600
      384.200000       0.030100
      384.300000       0.030600
      384.400000       0.031100
      384.500000       0.031600
      384.600000       0.032500
      384.700000       0.033500
      384.800000       0.034500
      384.900000       0.035400
      385.000000       0.036400
      385.100000       0.037900
      385.200000       0.039300
      385.300000       0.040800
      385.400000       0.042200
      385.500000       0.043700
      385.600000       0.044700
      385.700000       0.045600
      385.800000       0.046600
      385.900000       0.047600
      386.000000       0.048500
      386.100000       0.050000
      386.200000       0.051500
      386.300000       0.052900
      386.400000       0.054400
      386.500000       0.055800
      386.600000       0.057300
      386.700000       0.058700
      386.800000       0.060200
      386.900000       0.061700
      387.000000       0.063100
      387.100000       0.065000
      387.200000       0.067000
      387.300000       0.068900
      387.400000       0.070900
      387.500000       0.072800
      387.600000       0.076200
      387.700000       0.079600
      387.800000       0.083000
      387.900000       0.086400
      388.000000       0.089800
      388.100000       0.092200
      388.200000       0.094700
      388.300000       0.097100
      388.400000       0.099500
      388.500000       0.101900
      388.600000       0.103900
      388.700000       0.105800
      388.800000       0.107800
      388.900000       0.109700
      389.000000       0.111700
      389.100000       0.115000
      389.200000       0.118400
      389.300000       0.121800
      389.400000       0.125200
      389.500000       0.128600
      389.600000       0.133500
      389.700000       0.138300
      389.800000       0.143200
      389.900000       0.148100
      390.000000       0.152900
      390.100000       0.158700
      390.200000       0.164600
      390.300000       0.170400
      390.400000       0.176200
      390.500000       0.182000
      390.600000       0.188300
      390.700000       0.194700
      390.800000       0.201000
      390.900000       0.207300
      391.000000       0.213600
      391.100000       0.221800
      391.200000       0.230100
      391.300000       0.238300
      391.400000       0.246600
      391.500000       0.254900
      391.600000       0.266000
      391.700000       0.277200
      391.800000       0.288300
      391.900000       0.299500
      392.000000       0.310700
      392.100000       0.324300
      392.200000       0.337900
      392.300000       0.351500
      392.400000       0.365000
      392.500000       0.378600
      392.600000       0.394700
      392.700000       0.410700
      392.800000       0.426700
      392.900000       0.442700
      393.000000       0.458700
      393.100000       0.471400
      393.200000       0.484000
      393.300000       0.496600
      393.400000       0.509200
      393.500000       0.521800
      393.600000       0.537900
      393.700000       0.553900
      393.800000       0.569900
      393.900000       0.585900
      394.000000       0.601900
      394.100000       0.621800
      394.200000       0.641700
      394.300000       0.661700
      394.400000       0.681600
      394.500000       0.701500
      394.600000       0.717500
      394.700000       0.733500
      394.800000       0.749500
      394.900000       0.765500
      395.000000       0.781600
      395.100000       0.794200
      395.200000       0.806800
      395.300000       0.819400
      395.400000       0.832000
      395.500000       0.844700
      395.600000       0.855300
      395.700000       0.866000
      395.800000       0.876700
      395.900000       0.887400
      396.000000       0.898100
      396.100000       0.905300
      396.200000       0.912600
      396.300000       0.919900
      396.400000       0.927200
      396.500000       0.934500
      396.600000       0.941700
      396.700000       0.949000
      396.800000       0.956300
      396.900000       0.963600
      397.000000       0.970900
      397.100000       0.972300
      397.200000       0.973800
      397.300000       0.975200
      397.400000       0.976700
      397.500000       0.978200
      397.600000       0.980100
      397.700000       0.982000
      397.800000       0.984000
      397.900000       0.985900
      398.000000       0.987900
      398.100000       0.989800
      398.200000       0.991700
      398.300000       0.993700
      398.400000       0.995600
      398.500000       0.997600
      398.600000       0.998100
      398.700000       0.998500
      398.800000       0.999000
      398.900000       0.999500
      399.000000       1.000000
      399.100000       0.999500
      399.200000       0.999000
      399.300000       0.998500
      399.400000       0.998100
      399.500000       0.997600
      399.600000       0.995600
      399.700000       0.993700
      399.800000       0.991700
      399.900000       0.989800
      400.000000       0.987900
      400.100000       0.985000
      400.200000       0.982000
      400.300000       0.979100
      400.400000       0.976200
      400.500000       0.973300
      400.600000       0.968400
      400.700000       0.963600
      400.800000       0.958700
      400.900000       0.953900
      401.000000       0.949000
      401.100000       0.940300
      401.200000       0.931600
      401.300000       0.922800
      401.400000       0.914100
      401.500000       0.905300
      401.600000       0.897600
      401.700000       0.889800
      401.800000       0.882000
      401.900000       0.874300
      402.000000       0.866500
      402.100000       0.857300
      402.200000       0.848100
      402.300000       0.838800
      402.400000       0.829600
      402.500000       0.820400
      402.600000       0.801000
      402.700000       0.781600
      402.800000       0.762100
      402.900000       0.742700
      403.000000       0.723300
      403.100000       0.705800
      403.200000       0.688300
      403.300000       0.670900
      403.400000       0.653400
      403.500000       0.635900
      403.600000       0.620400
      403.700000       0.604900
      403.800000       0.589300
      403.900000       0.573800
      404.000000       0.558300
      404.100000       0.541300
      404.200000       0.524300
      404.300000       0.507300
      404.400000       0.490300
      404.500000       0.473300
      404.600000       0.457300
      404.700000       0.441300
      404.800000       0.425200
      404.900000       0.409200
      405.000000       0.393200
      405.100000       0.382500
      405.200000       0.371800
      405.300000       0.361200
      405.400000       0.350500
      405.500000       0.339800
      405.600000       0.327700
      405.700000       0.315500
      405.800000       0.303400
      405.900000       0.291300
      406.000000       0.279100
      406.100000       0.268900
      406.200000       0.258700
      406.300000       0.248500
      406.400000       0.238300
      406.500000       0.228200
      406.600000       0.219900
      406.700000       0.211700
      406.800000       0.203400
      406.900000       0.195100
      407.000000       0.186900
      407.100000       0.179600
      407.200000       0.172300
      407.300000       0.165000
      407.400000       0.157800
      407.500000       0.150500
      407.600000       0.147100
      407.700000       0.143700
      407.800000       0.140300
      407.900000       0.136900
      408.000000       0.133500
      408.100000       0.129100
      408.200000       0.124800
      408.300000       0.120400
      408.400000       0.116000
      408.500000       0.111700
      408.600000       0.107800
      408.700000       0.103900
      408.800000       0.100000
      408.900000       0.096100
      409.000000       0.092200
      409.100000       0.089800
      409.200000       0.087400
      409.300000       0.085000
      409.400000       0.082500
      409.500000       0.080100
      409.600000       0.079100
      409.700000       0.078200
      409.800000       0.077200
      409.900000       0.076200
      410.000000       0.075200
      410.100000       0.073300
      410.200000       0.071400
      410.300000       0.069400
      410.400000       0.067500
      410.500000       0.065500
      410.600000       0.063600
      410.700000       0.061700
      410.800000       0.059700
      410.900000       0.057800
      411.000000       0.055800
      411.100000       0.053900
      411.200000       0.051900
      411.300000       0.050000
      411.400000       0.048100
      411.500000       0.046100
      411.600000       0.045100
      411.700000       0.044200
      411.800000       0.043200
      411.900000       0.042200
      412.000000       0.041300
      412.100000       0.039800
      412.200000       0.038300
      412.300000       0.036900
      412.400000       0.035400
      412.500000       0.034000
      412.600000       0.033000
      412.700000       0.032000
      412.800000       0.031100
      412.900000       0.030100
      413.000000       0.029100
      413.100000       0.028200
      413.200000       0.027200
      413.300000       0.026200
      413.400000       0.025200
      413.500000       0.024300
      413.600000       0.023700
      413.700000       0.023200
      413.800000       0.022700
      413.900000       0.022100
      414.000000       0.021600
      414.100000       0.021000
      414.200000       0.020300
      414.300000       0.019700
      414.400000       0.019100
      414.500000       0.018400
      414.600000       0.017900
      414.700000       0.017400
      414.800000       0.016800
      414.900000       0.016300
      415.000000       0.015800
      415.100000       0.015300
      415.200000       0.014900
      415.300000       0.014500
      415.400000       0.014000
      415.500000       0.013600
      415.600000       0.013200
      415.700000       0.012800
      415.800000       0.012400
      415.900000       0.012000
      416.000000       0.011700
      416.100000       0.011300
      416.200000       0.011000
      416.300000       0.010600
      416.400000       0.010300
      416.500000       0.010000
      416.600000       0.009700
      416.700000       0.009400
      416.800000       0.009100
      416.900000       0.008800
      417.000000       0.008500
      417.100000       0.008300
      417.200000       0.008000
      417.300000       0.007800
      417.400000       0.007500
      417.500000       0.007300
      417.600000       0.007100
      417.700000       0.006900
      417.800000       0.006700
      417.900000       0.006500
      418.000000       0.006300
      418.100000       0.006100
      418.200000       0.005900
      418.300000       0.005700
      418.400000       0.005500
      418.500000       0.005300
      418.600000       0.005200
      418.700000       0.005000
      418.800000       0.004900
      418.900000       0.004800
      419.000000       0.004600
      419.100000       0.004500
      419.200000       0.004300
      419.300000       0.004200
      419.400000       0.004000
      419.500000       0.003900
      419.600000       0.003800
      419.700000       0.003700
      419.800000       0.003600
      419.900000       0.003500
      420.000000       0.003400
      420.100000       0.003300
      420.200000       0.003200
      420.300000       0.003100
      420.400000       0.003000
      420.500000       0.002900
      420.600000       0.002800
      420.700000       0.002700
      420.800000       0.002600
      420.900000       0.002500
      421.000000       0.002400
