 2    ,coms_01_mi_02-shifted.flt,   original WV modified "shifted_wv.txt" Oct 12, 2017 truncated
Number of data points:
1959
Wavenumber (cm-1)   Filter response
     1385.000000       0.002024
     1385.100000       0.002303
     1385.200000       0.002546
     1385.300000       0.002735
     1385.400000       0.002861
     1385.500000       0.002917
     1385.600000       0.002897
     1385.700000       0.002791
     1385.800000       0.002600
     1385.900000       0.002354
     1386.000000       0.002081
     1386.100000       0.001811
     1386.200000       0.001561
     1386.300000       0.001324
     1386.400000       0.001086
     1386.500000       0.000836
     1386.600000       0.000562
     1386.700000       0.000270
     1386.800000      -0.000034
     1386.900000      -0.000343
     1387.000000      -0.000651
     1387.100000      -0.000958
     1387.200000      -0.001265
     1387.300000      -0.001573
     1387.400000      -0.001882
     1387.500000      -0.002167
     1387.600000      -0.002397
     1387.700000      -0.002534
     1387.800000      -0.002542
     1387.900000      -0.002435
     1388.000000      -0.002263
     1388.100000      -0.002075
     1388.200000      -0.001916
     1388.300000      -0.001795
     1388.400000      -0.001680
     1388.500000      -0.001537
     1388.600000      -0.001333
     1388.700000      -0.001053
     1388.800000      -0.000710
     1388.900000      -0.000314
     1389.000000       0.000126
     1389.100000       0.000605
     1389.200000       0.001118
     1389.300000       0.001662
     1389.400000       0.002234
     1389.500000       0.002826
     1389.600000       0.003396
     1389.700000       0.003898
     1389.800000       0.004283
     1389.900000       0.004509
     1390.000000       0.004610
     1390.100000       0.004641
     1390.200000       0.004653
     1390.300000       0.004692
     1390.400000       0.004758
     1390.500000       0.004830
     1390.600000       0.004889
     1390.700000       0.004916
     1390.800000       0.004897
     1390.900000       0.004820
     1391.000000       0.004672
     1391.100000       0.004435
     1391.200000       0.004115
     1391.300000       0.003733
     1391.400000       0.003312
     1391.500000       0.002872
     1391.600000       0.002433
     1391.700000       0.002020
     1391.800000       0.001659
     1391.900000       0.001379
     1392.000000       0.001195
     1392.100000       0.001086
     1392.200000       0.001033
     1392.300000       0.001016
     1392.400000       0.001019
     1392.500000       0.001034
     1392.600000       0.001053
     1392.700000       0.001068
     1392.800000       0.001076
     1392.900000       0.001085
     1393.000000       0.001110
     1393.100000       0.001164
     1393.200000       0.001264
     1393.300000       0.001405
     1393.400000       0.001575
     1393.500000       0.001763
     1393.600000       0.001958
     1393.700000       0.002149
     1393.800000       0.002323
     1393.900000       0.002467
     1394.000000       0.002565
     1394.100000       0.002612
     1394.200000       0.002610
     1394.300000       0.002561
     1394.400000       0.002464
     1394.500000       0.002322
     1394.600000       0.002146
     1394.700000       0.001946
     1394.800000       0.001733
     1394.900000       0.001516
     1395.000000       0.001310
     1395.100000       0.001128
     1395.200000       0.000986
     1395.300000       0.000898
     1395.400000       0.000854
     1395.500000       0.000835
     1395.600000       0.000826
     1395.700000       0.000812
     1395.800000       0.000791
     1395.900000       0.000767
     1396.000000       0.000745
     1396.100000       0.000729
     1396.200000       0.000725
     1396.300000       0.000736
     1396.400000       0.000769
     1396.500000       0.000831
     1396.600000       0.000921
     1396.700000       0.001030
     1396.800000       0.001145
     1396.900000       0.001255
     1397.000000       0.001353
     1397.100000       0.001450
     1397.200000       0.001554
     1397.300000       0.001680
     1397.400000       0.001834
     1397.500000       0.002013
     1397.600000       0.002207
     1397.700000       0.002411
     1397.800000       0.002618
     1397.900000       0.002829
     1398.000000       0.003044
     1398.100000       0.003268
     1398.200000       0.003502
     1398.300000       0.003732
     1398.400000       0.003929
     1398.500000       0.004063
     1398.600000       0.004102
     1398.700000       0.004041
     1398.800000       0.003911
     1398.900000       0.003744
     1399.000000       0.003570
     1399.100000       0.003412
     1399.200000       0.003277
     1399.300000       0.003172
     1399.400000       0.003106
     1399.500000       0.003086
     1399.600000       0.003110
     1399.700000       0.003177
     1399.800000       0.003284
     1399.900000       0.003433
     1400.000000       0.003615
     1400.100000       0.003820
     1400.200000       0.004038
     1400.300000       0.004262
     1400.400000       0.004480
     1400.500000       0.004682
     1400.600000       0.004856
     1400.700000       0.004991
     1400.800000       0.005085
     1400.900000       0.005153
     1401.000000       0.005209
     1401.100000       0.005266
     1401.200000       0.005334
     1401.300000       0.005407
     1401.400000       0.005479
     1401.500000       0.005544
     1401.600000       0.005596
     1401.700000       0.005632
     1401.800000       0.005651
     1401.900000       0.005650
     1402.000000       0.005625
     1402.100000       0.005582
     1402.200000       0.005527
     1402.300000       0.005466
     1402.400000       0.005406
     1402.500000       0.005350
     1402.600000       0.005301
     1402.700000       0.005261
     1402.800000       0.005234
     1402.900000       0.005220
     1403.000000       0.005216
     1403.100000       0.005218
     1403.200000       0.005225
     1403.300000       0.005232
     1403.400000       0.005240
     1403.500000       0.005248
     1403.600000       0.005255
     1403.700000       0.005259
     1403.800000       0.005256
     1403.900000       0.005240
     1404.000000       0.005202
     1404.100000       0.005137
     1404.200000       0.005046
     1404.300000       0.004939
     1404.400000       0.004824
     1404.500000       0.004707
     1404.600000       0.004596
     1404.700000       0.004493
     1404.800000       0.004404
     1404.900000       0.004335
     1405.000000       0.004287
     1405.100000       0.004258
     1405.200000       0.004242
     1405.300000       0.004237
     1405.400000       0.004239
     1405.500000       0.004247
     1405.600000       0.004261
     1405.700000       0.004281
     1405.800000       0.004304
     1405.900000       0.004323
     1406.000000       0.004327
     1406.100000       0.004304
     1406.200000       0.004241
     1406.300000       0.004137
     1406.400000       0.004006
     1406.500000       0.003858
     1406.600000       0.003704
     1406.700000       0.003554
     1406.800000       0.003415
     1406.900000       0.003298
     1407.000000       0.003210
     1407.100000       0.003158
     1407.200000       0.003140
     1407.300000       0.003150
     1407.400000       0.003187
     1407.500000       0.003249
     1407.600000       0.003334
     1407.700000       0.003440
     1407.800000       0.003566
     1407.900000       0.003713
     1408.000000       0.003862
     1408.100000       0.003986
     1408.200000       0.004053
     1408.300000       0.004030
     1408.400000       0.003905
     1408.500000       0.003708
     1408.600000       0.003470
     1408.700000       0.003218
     1408.800000       0.002975
     1408.900000       0.002755
     1409.000000       0.002569
     1409.100000       0.002429
     1409.200000       0.002351
     1409.300000       0.002340
     1409.400000       0.002405
     1409.500000       0.002554
     1409.600000       0.002801
     1409.700000       0.003137
     1409.800000       0.003538
     1409.900000       0.003980
     1410.000000       0.004444
     1410.100000       0.004907
     1410.200000       0.005341
     1410.300000       0.005712
     1410.400000       0.005987
     1410.500000       0.006145
     1410.600000       0.006213
     1410.700000       0.006226
     1410.800000       0.006217
     1410.900000       0.006212
     1411.000000       0.006218
     1411.100000       0.006233
     1411.200000       0.006256
     1411.300000       0.006284
     1411.400000       0.006319
     1411.500000       0.006365
     1411.600000       0.006427
     1411.700000       0.006511
     1411.800000       0.006617
     1411.900000       0.006740
     1412.000000       0.006875
     1412.100000       0.007017
     1412.200000       0.007159
     1412.300000       0.007297
     1412.400000       0.007421
     1412.500000       0.007526
     1412.600000       0.007602
     1412.700000       0.007652
     1412.800000       0.007684
     1412.900000       0.007705
     1413.000000       0.007720
     1413.100000       0.007734
     1413.200000       0.007748
     1413.300000       0.007762
     1413.400000       0.007779
     1413.500000       0.007800
     1413.600000       0.007832
     1413.700000       0.007882
     1413.800000       0.007957
     1413.900000       0.008064
     1414.000000       0.008195
     1414.100000       0.008339
     1414.200000       0.008483
     1414.300000       0.008618
     1414.400000       0.008744
     1414.500000       0.008869
     1414.600000       0.009003
     1414.700000       0.009155
     1414.800000       0.009329
     1414.900000       0.009519
     1415.000000       0.009719
     1415.100000       0.009924
     1415.200000       0.010129
     1415.300000       0.010335
     1415.400000       0.010541
     1415.500000       0.010748
     1415.600000       0.010954
     1415.700000       0.011151
     1415.800000       0.011330
     1415.900000       0.011479
     1416.000000       0.011583
     1416.100000       0.011645
     1416.200000       0.011679
     1416.300000       0.011697
     1416.400000       0.011714
     1416.500000       0.011737
     1416.600000       0.011770
     1416.700000       0.011817
     1416.800000       0.011880
     1416.900000       0.011962
     1417.000000       0.012062
     1417.100000       0.012175
     1417.200000       0.012299
     1417.300000       0.012433
     1417.400000       0.012573
     1417.500000       0.012717
     1417.600000       0.012864
     1417.700000       0.013011
     1417.800000       0.013157
     1417.900000       0.013302
     1418.000000       0.013448
     1418.100000       0.013595
     1418.200000       0.013745
     1418.300000       0.013895
     1418.400000       0.014045
     1418.500000       0.014193
     1418.600000       0.014338
     1418.700000       0.014482
     1418.800000       0.014628
     1418.900000       0.014779
     1419.000000       0.014939
     1419.100000       0.015110
     1419.200000       0.015292
     1419.300000       0.015486
     1419.400000       0.015692
     1419.500000       0.015910
     1419.600000       0.016129
     1419.700000       0.016341
     1419.800000       0.016536
     1419.900000       0.016707
     1420.000000       0.016889
     1420.100000       0.017131
     1420.200000       0.017490
     1420.300000       0.018023
     1420.400000       0.018731
     1420.500000       0.019562
     1420.600000       0.020467
     1420.700000       0.021398
     1420.800000       0.022318
     1420.900000       0.023199
     1421.000000       0.024019
     1421.100000       0.024748
     1421.200000       0.025362
     1421.300000       0.025866
     1421.400000       0.026276
     1421.500000       0.026605
     1421.600000       0.026861
     1421.700000       0.027056
     1421.800000       0.027207
     1421.900000       0.027326
     1422.000000       0.027427
     1422.100000       0.027529
     1422.200000       0.027661
     1422.300000       0.027858
     1422.400000       0.028155
     1422.500000       0.028584
     1422.600000       0.029112
     1422.700000       0.029694
     1422.800000       0.030284
     1422.900000       0.030838
     1423.000000       0.031356
     1423.100000       0.031878
     1423.200000       0.032444
     1423.300000       0.033099
     1423.400000       0.033867
     1423.500000       0.034730
     1423.600000       0.035667
     1423.700000       0.036664
     1423.800000       0.037710
     1423.900000       0.038794
     1424.000000       0.039915
     1424.100000       0.041067
     1424.200000       0.042248
     1424.300000       0.043435
     1424.400000       0.044586
     1424.500000       0.045658
     1424.600000       0.046608
     1424.700000       0.047416
     1424.800000       0.048123
     1424.900000       0.048777
     1425.000000       0.049420
     1425.100000       0.050091
     1425.200000       0.050786
     1425.300000       0.051491
     1425.400000       0.052191
     1425.500000       0.052871
     1425.600000       0.053529
     1425.700000       0.054172
     1425.800000       0.054805
     1425.900000       0.055432
     1426.000000       0.056050
     1426.100000       0.056649
     1426.200000       0.057216
     1426.300000       0.057738
     1426.400000       0.058209
     1426.500000       0.058703
     1426.600000       0.059332
     1426.700000       0.060213
     1426.800000       0.061469
     1426.900000       0.063094
     1427.000000       0.064957
     1427.100000       0.066929
     1427.200000       0.068891
     1427.300000       0.070761
     1427.400000       0.072565
     1427.500000       0.074353
     1427.600000       0.076172
     1427.700000       0.078064
     1427.800000       0.080033
     1427.900000       0.082057
     1428.000000       0.084124
     1428.100000       0.086222
     1428.200000       0.088346
     1428.300000       0.090507
     1428.400000       0.092710
     1428.500000       0.094969
     1428.600000       0.097281
     1428.700000       0.099558
     1428.800000       0.101693
     1428.900000       0.103562
     1429.000000       0.105052
     1429.100000       0.106205
     1429.200000       0.107149
     1429.300000       0.108003
     1429.400000       0.108879
     1429.500000       0.109842
     1429.600000       0.110878
     1429.700000       0.111968
     1429.800000       0.113094
     1429.900000       0.114239
     1430.000000       0.115400
     1430.100000       0.116574
     1430.200000       0.117761
     1430.300000       0.118965
     1430.400000       0.120178
     1430.500000       0.121395
     1430.600000       0.122610
     1430.700000       0.123814
     1430.800000       0.125011
     1430.900000       0.126222
     1431.000000       0.127480
     1431.100000       0.128817
     1431.200000       0.130261
     1431.300000       0.131789
     1431.400000       0.133348
     1431.500000       0.134895
     1431.600000       0.136383
     1431.700000       0.137817
     1431.800000       0.139254
     1431.900000       0.140747
     1432.000000       0.142362
     1432.100000       0.144141
     1432.200000       0.146062
     1432.300000       0.148098
     1432.400000       0.150217
     1432.500000       0.152399
     1432.600000       0.154621
     1432.700000       0.156860
     1432.800000       0.159100
     1432.900000       0.161315
     1433.000000       0.163544
     1433.100000       0.165913
     1433.200000       0.168561
     1433.300000       0.171646
     1433.400000       0.175287
     1433.500000       0.179384
     1433.600000       0.183768
     1433.700000       0.188286
     1433.800000       0.192798
     1433.900000       0.197207
     1434.000000       0.201488
     1434.100000       0.205607
     1434.200000       0.209521
     1434.300000       0.213211
     1434.400000       0.216708
     1434.500000       0.220062
     1434.600000       0.223313
     1434.700000       0.226488
     1434.800000       0.229618
     1434.900000       0.232721
     1435.000000       0.235827
     1435.100000       0.238962
     1435.200000       0.242186
     1435.300000       0.245604
     1435.400000       0.249320
     1435.500000       0.253463
     1435.600000       0.258134
     1435.700000       0.263196
     1435.800000       0.268462
     1435.900000       0.273740
     1436.000000       0.278870
     1436.100000       0.283843
     1436.200000       0.288814
     1436.300000       0.293939
     1436.400000       0.299353
     1436.500000       0.305150
     1436.600000       0.311238
     1436.700000       0.317503
     1436.800000       0.323861
     1436.900000       0.330227
     1437.000000       0.336586
     1437.100000       0.342938
     1437.200000       0.349282
     1437.300000       0.355627
     1437.400000       0.361945
     1437.500000       0.368225
     1437.600000       0.374437
     1437.700000       0.380550
     1437.800000       0.386543
     1437.900000       0.392432
     1438.000000       0.398271
     1438.100000       0.404103
     1438.200000       0.409970
     1438.300000       0.415870
     1438.400000       0.421742
     1438.500000       0.427549
     1438.600000       0.433243
     1438.700000       0.438797
     1438.800000       0.444251
     1438.900000       0.449620
     1439.000000       0.454925
     1439.100000       0.460177
     1439.200000       0.465406
     1439.300000       0.470659
     1439.400000       0.475972
     1439.500000       0.481404
     1439.600000       0.486990
     1439.700000       0.492730
     1439.800000       0.498630
     1439.900000       0.504685
     1440.000000       0.510921
     1440.100000       0.517300
     1440.200000       0.523759
     1440.300000       0.530246
     1440.400000       0.536682
     1440.500000       0.543042
     1440.600000       0.549353
     1440.700000       0.555646
     1440.800000       0.561959
     1440.900000       0.568303
     1441.000000       0.574687
     1441.100000       0.581104
     1441.200000       0.587550
     1441.300000       0.594030
     1441.400000       0.600534
     1441.500000       0.607057
     1441.600000       0.613573
     1441.700000       0.620057
     1441.800000       0.626497
     1441.900000       0.632885
     1442.000000       0.639264
     1442.100000       0.645681
     1442.200000       0.652180
     1442.300000       0.658762
     1442.400000       0.665367
     1442.500000       0.671964
     1442.600000       0.678513
     1442.700000       0.685015
     1442.800000       0.691566
     1442.900000       0.698257
     1443.000000       0.705199
     1443.100000       0.712477
     1443.200000       0.720071
     1443.300000       0.727935
     1443.400000       0.736010
     1443.500000       0.744292
     1443.600000       0.752719
     1443.700000       0.761073
     1443.800000       0.769101
     1443.900000       0.776497
     1444.000000       0.783020
     1444.100000       0.788729
     1444.200000       0.793788
     1444.300000       0.798338
     1444.400000       0.802479
     1444.500000       0.806321
     1444.600000       0.809971
     1444.700000       0.813533
     1444.800000       0.817110
     1444.900000       0.820758
     1445.000000       0.824394
     1445.100000       0.827870
     1445.200000       0.831018
     1445.300000       0.833659
     1445.400000       0.835762
     1445.500000       0.837465
     1445.600000       0.838909
     1445.700000       0.840246
     1445.800000       0.841601
     1445.900000       0.843003
     1446.000000       0.844468
     1446.100000       0.846009
     1446.200000       0.847628
     1446.300000       0.849314
     1446.400000       0.851046
     1446.500000       0.852814
     1446.600000       0.854608
     1446.700000       0.856430
     1446.800000       0.858280
     1446.900000       0.860152
     1447.000000       0.862046
     1447.100000       0.863962
     1447.200000       0.865902
     1447.300000       0.867876
     1447.400000       0.869885
     1447.500000       0.871931
     1447.600000       0.874012
     1447.700000       0.876138
     1447.800000       0.878334
     1447.900000       0.880616
     1448.000000       0.883005
     1448.100000       0.885435
     1448.200000       0.887795
     1448.300000       0.889973
     1448.400000       0.891846
     1448.500000       0.893368
     1448.600000       0.894654
     1448.700000       0.895825
     1448.800000       0.896973
     1448.900000       0.898168
     1449.000000       0.899413
     1449.100000       0.900672
     1449.200000       0.901912
     1449.300000       0.903102
     1449.400000       0.904218
     1449.500000       0.905249
     1449.600000       0.906202
     1449.700000       0.907093
     1449.800000       0.907935
     1449.900000       0.908740
     1450.000000       0.909509
     1450.100000       0.910240
     1450.200000       0.910924
     1450.300000       0.911551
     1450.400000       0.912095
     1450.500000       0.912539
     1450.600000       0.912858
     1450.700000       0.913033
     1450.800000       0.913077
     1450.900000       0.913044
     1451.000000       0.912987
     1451.100000       0.912958
     1451.200000       0.912991
     1451.300000       0.913104
     1451.400000       0.913288
     1451.500000       0.913532
     1451.600000       0.913825
     1451.700000       0.914142
     1451.800000       0.914451
     1451.900000       0.914736
     1452.000000       0.914985
     1452.100000       0.915213
     1452.200000       0.915452
     1452.300000       0.915733
     1452.400000       0.916077
     1452.500000       0.916477
     1452.600000       0.916888
     1452.700000       0.917262
     1452.800000       0.917550
     1452.900000       0.917712
     1453.000000       0.917759
     1453.100000       0.917739
     1453.200000       0.917698
     1453.300000       0.917680
     1453.400000       0.917717
     1453.500000       0.917796
     1453.600000       0.917887
     1453.700000       0.917968
     1453.800000       0.918038
     1453.900000       0.918091
     1454.000000       0.918137
     1454.100000       0.918205
     1454.200000       0.918295
     1454.300000       0.918386
     1454.400000       0.918466
     1454.500000       0.918499
     1454.600000       0.918455
     1454.700000       0.918346
     1454.800000       0.918181
     1454.900000       0.917967
     1455.000000       0.917714
     1455.100000       0.917445
     1455.200000       0.917185
     1455.300000       0.916952
     1455.400000       0.916763
     1455.500000       0.916626
     1455.600000       0.916521
     1455.700000       0.916429
     1455.800000       0.916343
     1455.900000       0.916254
     1456.000000       0.916150
     1456.100000       0.916036
     1456.200000       0.915919
     1456.300000       0.915811
     1456.400000       0.915735
     1456.500000       0.915714
     1456.600000       0.915767
     1456.700000       0.915889
     1456.800000       0.916054
     1456.900000       0.916236
     1457.000000       0.916412
     1457.100000       0.916558
     1457.200000       0.916676
     1457.300000       0.916767
     1457.400000       0.916837
     1457.500000       0.916887
     1457.600000       0.916927
     1457.700000       0.916965
     1457.800000       0.917007
     1457.900000       0.917059
     1458.000000       0.917121
     1458.100000       0.917193
     1458.200000       0.917266
     1458.300000       0.917323
     1458.400000       0.917351
     1458.500000       0.917343
     1458.600000       0.917290
     1458.700000       0.917193
     1458.800000       0.917067
     1458.900000       0.916943
     1459.000000       0.916857
     1459.100000       0.916845
     1459.200000       0.916942
     1459.300000       0.917161
     1459.400000       0.917486
     1459.500000       0.917904
     1459.600000       0.918398
     1459.700000       0.918935
     1459.800000       0.919492
     1459.900000       0.920060
     1460.000000       0.920635
     1460.100000       0.921219
     1460.200000       0.921829
     1460.300000       0.922468
     1460.400000       0.923115
     1460.500000       0.923741
     1460.600000       0.924304
     1460.700000       0.924777
     1460.800000       0.925163
     1460.900000       0.925486
     1461.000000       0.925777
     1461.100000       0.926070
     1461.200000       0.926385
     1461.300000       0.926740
     1461.400000       0.927128
     1461.500000       0.927534
     1461.600000       0.927938
     1461.700000       0.928307
     1461.800000       0.928620
     1461.900000       0.928876
     1462.000000       0.929093
     1462.100000       0.929306
     1462.200000       0.929546
     1462.300000       0.929829
     1462.400000       0.930166
     1462.500000       0.930538
     1462.600000       0.930915
     1462.700000       0.931288
     1462.800000       0.931650
     1462.900000       0.931996
     1463.000000       0.932331
     1463.100000       0.932651
     1463.200000       0.932952
     1463.300000       0.933225
     1463.400000       0.933466
     1463.500000       0.933675
     1463.600000       0.933860
     1463.700000       0.934025
     1463.800000       0.934176
     1463.900000       0.934317
     1464.000000       0.934449
     1464.100000       0.934577
     1464.200000       0.934702
     1464.300000       0.934830
     1464.400000       0.934982
     1464.500000       0.935181
     1464.600000       0.935447
     1464.700000       0.935797
     1464.800000       0.936220
     1464.900000       0.936684
     1465.000000       0.937158
     1465.100000       0.937623
     1465.200000       0.938077
     1465.300000       0.938530
     1465.400000       0.938990
     1465.500000       0.939467
     1465.600000       0.939964
     1465.700000       0.940469
     1465.800000       0.940978
     1465.900000       0.941483
     1466.000000       0.941975
     1466.100000       0.942446
     1466.200000       0.942904
     1466.300000       0.943362
     1466.400000       0.943831
     1466.500000       0.944322
     1466.600000       0.944846
     1466.700000       0.945395
     1466.800000       0.945956
     1466.900000       0.946512
     1467.000000       0.947047
     1467.100000       0.947550
     1467.200000       0.948017
     1467.300000       0.948457
     1467.400000       0.948883
     1467.500000       0.949308
     1467.600000       0.949743
     1467.700000       0.950196
     1467.800000       0.950661
     1467.900000       0.951123
     1468.000000       0.951564
     1468.100000       0.951966
     1468.200000       0.952308
     1468.300000       0.952595
     1468.400000       0.952856
     1468.500000       0.953126
     1468.600000       0.953438
     1468.700000       0.953817
     1468.800000       0.954279
     1468.900000       0.954797
     1469.000000       0.955334
     1469.100000       0.955854
     1469.200000       0.956319
     1469.300000       0.956694
     1469.400000       0.956977
     1469.500000       0.957195
     1469.600000       0.957381
     1469.700000       0.957563
     1469.800000       0.957763
     1469.900000       0.957971
     1470.000000       0.958160
     1470.100000       0.958298
     1470.200000       0.958356
     1470.300000       0.958325
     1470.400000       0.958229
     1470.500000       0.958100
     1470.600000       0.957981
     1470.700000       0.957911
     1470.800000       0.957918
     1470.900000       0.958020
     1471.000000       0.958231
     1471.100000       0.958558
     1471.200000       0.958991
     1471.300000       0.959490
     1471.400000       0.960017
     1471.500000       0.960533
     1471.600000       0.961018
     1471.700000       0.961489
     1471.800000       0.961968
     1471.900000       0.962474
     1472.000000       0.963024
     1472.100000       0.963603
     1472.200000       0.964177
     1472.300000       0.964710
     1472.400000       0.965168
     1472.500000       0.965521
     1472.600000       0.965775
     1472.700000       0.965963
     1472.800000       0.966116
     1472.900000       0.966264
     1473.000000       0.966431
     1473.100000       0.966606
     1473.200000       0.966756
     1473.300000       0.966849
     1473.400000       0.966845
     1473.500000       0.966722
     1473.600000       0.966496
     1473.700000       0.966196
     1473.800000       0.965853
     1473.900000       0.965499
     1474.000000       0.965153
     1474.100000       0.964824
     1474.200000       0.964522
     1474.300000       0.964261
     1474.400000       0.964054
     1474.500000       0.963907
     1474.600000       0.963823
     1474.700000       0.963787
     1474.800000       0.963783
     1474.900000       0.963812
     1475.000000       0.963875
     1475.100000       0.963976
     1475.200000       0.964128
     1475.300000       0.964331
     1475.400000       0.964569
     1475.500000       0.964830
     1475.600000       0.965116
     1475.700000       0.965425
     1475.800000       0.965757
     1475.900000       0.966100
     1476.000000       0.966443
     1476.100000       0.966771
     1476.200000       0.967070
     1476.300000       0.967323
     1476.400000       0.967515
     1476.500000       0.967636
     1476.600000       0.967673
     1476.700000       0.967611
     1476.800000       0.967465
     1476.900000       0.967268
     1477.000000       0.967033
     1477.100000       0.966771
     1477.200000       0.966488
     1477.300000       0.966174
     1477.400000       0.965826
     1477.500000       0.965463
     1477.600000       0.965124
     1477.700000       0.964837
     1477.800000       0.964603
     1477.900000       0.964428
     1478.000000       0.964303
     1478.100000       0.964194
     1478.200000       0.964096
     1478.300000       0.964010
     1478.400000       0.963939
     1478.500000       0.963888
     1478.600000       0.963866
     1478.700000       0.963887
     1478.800000       0.963970
     1478.900000       0.964134
     1479.000000       0.964408
     1479.100000       0.964804
     1479.200000       0.965301
     1479.300000       0.965878
     1479.400000       0.966510
     1479.500000       0.967171
     1479.600000       0.967828
     1479.700000       0.968463
     1479.800000       0.969065
     1479.900000       0.969614
     1480.000000       0.970104
     1480.100000       0.970555
     1480.200000       0.970983
     1480.300000       0.971398
     1480.400000       0.971800
     1480.500000       0.972172
     1480.600000       0.972484
     1480.700000       0.972710
     1480.800000       0.972866
     1480.900000       0.972975
     1481.000000       0.973064
     1481.100000       0.973160
     1481.200000       0.973266
     1481.300000       0.973369
     1481.400000       0.973460
     1481.500000       0.973531
     1481.600000       0.973579
     1481.700000       0.973621
     1481.800000       0.973672
     1481.900000       0.973743
     1482.000000       0.973845
     1482.100000       0.973985
     1482.200000       0.974170
     1482.300000       0.974407
     1482.400000       0.974691
     1482.500000       0.975010
     1482.600000       0.975352
     1482.700000       0.975703
     1482.800000       0.976053
     1482.900000       0.976400
     1483.000000       0.976743
     1483.100000       0.977081
     1483.200000       0.977414
     1483.300000       0.977751
     1483.400000       0.978101
     1483.500000       0.978474
     1483.600000       0.978881
     1483.700000       0.979334
     1483.800000       0.979843
     1483.900000       0.980402
     1484.000000       0.981010
     1484.100000       0.981656
     1484.200000       0.982331
     1484.300000       0.983018
     1484.400000       0.983703
     1484.500000       0.984374
     1484.600000       0.985034
     1484.700000       0.985691
     1484.800000       0.986351
     1484.900000       0.987015
     1485.000000       0.987690
     1485.100000       0.988378
     1485.200000       0.989077
     1485.300000       0.989786
     1485.400000       0.990502
     1485.500000       0.991223
     1485.600000       0.991955
     1485.700000       0.992700
     1485.800000       0.993444
     1485.900000       0.994173
     1486.000000       0.994872
     1486.100000       0.995502
     1486.200000       0.996025
     1486.300000       0.996440
     1486.400000       0.996745
     1486.500000       0.996948
     1486.600000       0.997096
     1486.700000       0.997258
     1486.800000       0.997456
     1486.900000       0.997692
     1487.000000       0.997961
     1487.100000       0.998233
     1487.200000       0.998477
     1487.300000       0.998673
     1487.400000       0.998827
     1487.500000       0.998954
     1487.600000       0.999071
     1487.700000       0.999195
     1487.800000       0.999338
     1487.900000       0.999493
     1488.000000       0.999645
     1488.100000       0.999781
     1488.200000       0.999891
     1488.300000       0.999966
     1488.400000       1.000000
     1488.500000       0.999998
     1488.600000       0.999968
     1488.700000       0.999917
     1488.800000       0.999855
     1488.900000       0.999787
     1489.000000       0.999719
     1489.100000       0.999658
     1489.200000       0.999607
     1489.300000       0.999569
     1489.400000       0.999556
     1489.500000       0.999570
     1489.600000       0.999595
     1489.700000       0.999609
     1489.800000       0.999590
     1489.900000       0.999514
     1490.000000       0.999363
     1490.100000       0.999145
     1490.200000       0.998889
     1490.300000       0.998625
     1490.400000       0.998376
     1490.500000       0.998165
     1490.600000       0.998004
     1490.700000       0.997877
     1490.800000       0.997763
     1490.900000       0.997648
     1491.000000       0.997517
     1491.100000       0.997354
     1491.200000       0.997163
     1491.300000       0.996958
     1491.400000       0.996754
     1491.500000       0.996566
     1491.600000       0.996411
     1491.700000       0.996300
     1491.800000       0.996217
     1491.900000       0.996149
     1492.000000       0.996076
     1492.100000       0.995981
     1492.200000       0.995862
     1492.300000       0.995730
     1492.400000       0.995600
     1492.500000       0.995488
     1492.600000       0.995404
     1492.700000       0.995342
     1492.800000       0.995298
     1492.900000       0.995273
     1493.000000       0.995271
     1493.100000       0.995302
     1493.200000       0.995368
     1493.300000       0.995468
     1493.400000       0.995589
     1493.500000       0.995703
     1493.600000       0.995785
     1493.700000       0.995821
     1493.800000       0.995801
     1493.900000       0.995717
     1494.000000       0.995591
     1494.100000       0.995449
     1494.200000       0.995308
     1494.300000       0.995181
     1494.400000       0.995088
     1494.500000       0.995036
     1494.600000       0.994996
     1494.700000       0.994927
     1494.800000       0.994787
     1494.900000       0.994551
     1495.000000       0.994202
     1495.100000       0.993756
     1495.200000       0.993245
     1495.300000       0.992688
     1495.400000       0.992091
     1495.500000       0.991460
     1495.600000       0.990794
     1495.700000       0.990094
     1495.800000       0.989367
     1495.900000       0.988622
     1496.000000       0.987864
     1496.100000       0.987096
     1496.200000       0.986321
     1496.300000       0.985548
     1496.400000       0.984794
     1496.500000       0.984066
     1496.600000       0.983368
     1496.700000       0.982680
     1496.800000       0.981979
     1496.900000       0.981245
     1497.000000       0.980488
     1497.100000       0.979740
     1497.200000       0.979049
     1497.300000       0.978467
     1497.400000       0.978044
     1497.500000       0.977763
     1497.600000       0.977581
     1497.700000       0.977459
     1497.800000       0.977362
     1497.900000       0.977258
     1498.000000       0.977136
     1498.100000       0.976982
     1498.200000       0.976782
     1498.300000       0.976518
     1498.400000       0.976189
     1498.500000       0.975817
     1498.600000       0.975423
     1498.700000       0.975025
     1498.800000       0.974642
     1498.900000       0.974280
     1499.000000       0.973931
     1499.100000       0.973583
     1499.200000       0.973221
     1499.300000       0.972830
     1499.400000       0.972412
     1499.500000       0.971967
     1499.600000       0.971499
     1499.700000       0.971007
     1499.800000       0.970499
     1499.900000       0.969995
     1500.000000       0.969512
     1500.100000       0.969058
     1500.200000       0.968633
     1500.300000       0.968241
     1500.400000       0.967882
     1500.500000       0.967558
     1500.600000       0.967276
     1500.700000       0.967050
     1500.800000       0.966882
     1500.900000       0.966761
     1501.000000       0.966676
     1501.100000       0.966627
     1501.200000       0.966611
     1501.300000       0.966622
     1501.400000       0.966659
     1501.500000       0.966724
     1501.600000       0.966806
     1501.700000       0.966892
     1501.800000       0.966968
     1501.900000       0.967038
     1502.000000       0.967104
     1502.100000       0.967171
     1502.200000       0.967244
     1502.300000       0.967308
     1502.400000       0.967318
     1502.500000       0.967228
     1502.600000       0.966992
     1502.700000       0.966586
     1502.800000       0.966014
     1502.900000       0.965299
     1503.000000       0.964481
     1503.100000       0.963601
     1503.200000       0.962691
     1503.300000       0.961777
     1503.400000       0.960885
     1503.500000       0.960013
     1503.600000       0.959155
     1503.700000       0.958296
     1503.800000       0.957432
     1503.900000       0.956565
     1504.000000       0.955700
     1504.100000       0.954850
     1504.200000       0.954027
     1504.300000       0.953235
     1504.400000       0.952477
     1504.500000       0.951754
     1504.600000       0.951068
     1504.700000       0.950422
     1504.800000       0.949821
     1504.900000       0.949276
     1505.000000       0.948794
     1505.100000       0.948372
     1505.200000       0.948002
     1505.300000       0.947682
     1505.400000       0.947411
     1505.500000       0.947191
     1505.600000       0.947023
     1505.700000       0.946908
     1505.800000       0.946854
     1505.900000       0.946870
     1506.000000       0.946965
     1506.100000       0.947149
     1506.200000       0.947431
     1506.300000       0.947799
     1506.400000       0.948230
     1506.500000       0.948699
     1506.600000       0.949176
     1506.700000       0.949633
     1506.800000       0.950048
     1506.900000       0.950427
     1507.000000       0.950773
     1507.100000       0.951094
     1507.200000       0.951399
     1507.300000       0.951693
     1507.400000       0.951963
     1507.500000       0.952181
     1507.600000       0.952308
     1507.700000       0.952306
     1507.800000       0.952135
     1507.900000       0.951778
     1508.000000       0.951256
     1508.100000       0.950607
     1508.200000       0.949866
     1508.300000       0.949061
     1508.400000       0.948203
     1508.500000       0.947303
     1508.600000       0.946365
     1508.700000       0.945390
     1508.800000       0.944393
     1508.900000       0.943400
     1509.000000       0.942438
     1509.100000       0.941531
     1509.200000       0.940693
     1509.300000       0.939944
     1509.400000       0.939298
     1509.500000       0.938732
     1509.600000       0.938222
     1509.700000       0.937737
     1509.800000       0.937242
     1509.900000       0.936712
     1510.000000       0.936130
     1510.100000       0.935489
     1510.200000       0.934809
     1510.300000       0.934101
     1510.400000       0.933399
     1510.500000       0.932751
     1510.600000       0.932184
     1510.700000       0.931711
     1510.800000       0.931341
     1510.900000       0.931038
     1511.000000       0.930743
     1511.100000       0.930401
     1511.200000       0.929955
     1511.300000       0.929350
     1511.400000       0.928592
     1511.500000       0.927721
     1511.600000       0.926773
     1511.700000       0.925781
     1511.800000       0.924770
     1511.900000       0.923759
     1512.000000       0.922750
     1512.100000       0.921748
     1512.200000       0.920756
     1512.300000       0.919776
     1512.400000       0.918807
     1512.500000       0.917849
     1512.600000       0.916905
     1512.700000       0.915974
     1512.800000       0.915059
     1512.900000       0.914167
     1513.000000       0.913307
     1513.100000       0.912482
     1513.200000       0.911689
     1513.300000       0.910929
     1513.400000       0.910209
     1513.500000       0.909538
     1513.600000       0.908927
     1513.700000       0.908404
     1513.800000       0.907971
     1513.900000       0.907611
     1514.000000       0.907304
     1514.100000       0.907033
     1514.200000       0.906783
     1514.300000       0.906556
     1514.400000       0.906367
     1514.500000       0.906232
     1514.600000       0.906166
     1514.700000       0.906146
     1514.800000       0.906143
     1514.900000       0.906149
     1515.000000       0.906159
     1515.100000       0.906179
     1515.200000       0.906243
     1515.300000       0.906391
     1515.400000       0.906624
     1515.500000       0.906925
     1515.600000       0.907270
     1515.700000       0.907621
     1515.800000       0.907936
     1515.900000       0.908184
     1516.000000       0.908381
     1516.100000       0.908538
     1516.200000       0.908665
     1516.300000       0.908770
     1516.400000       0.908857
     1516.500000       0.908928
     1516.600000       0.908983
     1516.700000       0.909020
     1516.800000       0.909043
     1516.900000       0.909053
     1517.000000       0.909043
     1517.100000       0.908998
     1517.200000       0.908909
     1517.300000       0.908764
     1517.400000       0.908552
     1517.500000       0.908271
     1517.600000       0.907919
     1517.700000       0.907498
     1517.800000       0.907010
     1517.900000       0.906471
     1518.000000       0.905904
     1518.100000       0.905326
     1518.200000       0.904766
     1518.300000       0.904241
     1518.400000       0.903764
     1518.500000       0.903344
     1518.600000       0.902993
     1518.700000       0.902714
     1518.800000       0.902490
     1518.900000       0.902290
     1519.000000       0.902081
     1519.100000       0.901836
     1519.200000       0.901546
     1519.300000       0.901230
     1519.400000       0.900914
     1519.500000       0.900624
     1519.600000       0.900386
     1519.700000       0.900211
     1519.800000       0.900087
     1519.900000       0.900006
     1520.000000       0.899953
     1520.100000       0.899912
     1520.200000       0.899875
     1520.300000       0.899839
     1520.400000       0.899799
     1520.500000       0.899752
     1520.600000       0.899696
     1520.700000       0.899628
     1520.800000       0.899545
     1520.900000       0.899445
     1521.000000       0.899327
     1521.100000       0.899187
     1521.200000       0.899028
     1521.300000       0.898848
     1521.400000       0.898644
     1521.500000       0.898417
     1521.600000       0.898184
     1521.700000       0.897947
     1521.800000       0.897700
     1521.900000       0.897430
     1522.000000       0.897125
     1522.100000       0.896772
     1522.200000       0.896363
     1522.300000       0.895908
     1522.400000       0.895422
     1522.500000       0.894911
     1522.600000       0.894386
     1522.700000       0.893857
     1522.800000       0.893334
     1522.900000       0.892817
     1523.000000       0.892303
     1523.100000       0.891786
     1523.200000       0.891258
     1523.300000       0.890709
     1523.400000       0.890132
     1523.500000       0.889521
     1523.600000       0.888873
     1523.700000       0.888188
     1523.800000       0.887464
     1523.900000       0.886701
     1524.000000       0.885904
     1524.100000       0.885092
     1524.200000       0.884284
     1524.300000       0.883500
     1524.400000       0.882766
     1524.500000       0.882098
     1524.600000       0.881487
     1524.700000       0.880910
     1524.800000       0.880348
     1524.900000       0.879785
     1525.000000       0.879204
     1525.100000       0.878581
     1525.200000       0.877906
     1525.300000       0.877171
     1525.400000       0.876369
     1525.500000       0.875495
     1525.600000       0.874573
     1525.700000       0.873624
     1525.800000       0.872657
     1525.900000       0.871680
     1526.000000       0.870700
     1526.100000       0.869729
     1526.200000       0.868781
     1526.300000       0.867870
     1526.400000       0.867015
     1526.500000       0.866221
     1526.600000       0.865467
     1526.700000       0.864731
     1526.800000       0.863992
     1526.900000       0.863241
     1527.000000       0.862479
     1527.100000       0.861725
     1527.200000       0.861003
     1527.300000       0.860345
     1527.400000       0.859781
     1527.500000       0.859323
     1527.600000       0.858966
     1527.700000       0.858697
     1527.800000       0.858509
     1527.900000       0.858399
     1528.000000       0.858349
     1528.100000       0.858330
     1528.200000       0.858312
     1528.300000       0.858268
     1528.400000       0.858169
     1528.500000       0.857977
     1528.600000       0.857654
     1528.700000       0.857166
     1528.800000       0.856474
     1528.900000       0.855536
     1529.000000       0.854389
     1529.100000       0.853134
     1529.200000       0.851842
     1529.300000       0.850559
     1529.400000       0.849328
     1529.500000       0.848119
     1529.600000       0.846844
     1529.700000       0.845411
     1529.800000       0.843757
     1529.900000       0.841849
     1530.000000       0.839724
     1530.100000       0.837481
     1530.200000       0.835213
     1530.300000       0.833006
     1530.400000       0.830924
     1530.500000       0.828948
     1530.600000       0.827022
     1530.700000       0.825087
     1530.800000       0.823083
     1530.900000       0.820974
     1531.000000       0.818768
     1531.100000       0.816507
     1531.200000       0.814226
     1531.300000       0.811954
     1531.400000       0.809722
     1531.500000       0.807532
     1531.600000       0.805388
     1531.700000       0.803297
     1531.800000       0.801253
     1531.900000       0.799254
     1532.000000       0.797287
     1532.100000       0.795338
     1532.200000       0.793397
     1532.300000       0.791468
     1532.400000       0.789569
     1532.500000       0.787709
     1532.600000       0.785901
     1532.700000       0.784131
     1532.800000       0.782358
     1532.900000       0.780546
     1533.000000       0.778666
     1533.100000       0.776690
     1533.200000       0.774612
     1533.300000       0.772438
     1533.400000       0.770190
     1533.500000       0.767905
     1533.600000       0.765621
     1533.700000       0.763376
     1533.800000       0.761198
     1533.900000       0.759098
     1534.000000       0.757053
     1534.100000       0.755039
     1534.200000       0.753027
     1534.300000       0.750988
     1534.400000       0.748907
     1534.500000       0.746777
     1534.600000       0.744615
     1534.700000       0.742446
     1534.800000       0.740292
     1534.900000       0.738170
     1535.000000       0.736027
     1535.100000       0.733753
     1535.200000       0.731224
     1535.300000       0.728299
     1535.400000       0.724885
     1535.500000       0.721080
     1535.600000       0.717027
     1535.700000       0.712890
     1535.800000       0.708834
     1535.900000       0.704988
     1536.000000       0.701268
     1536.100000       0.697550
     1536.200000       0.693689
     1536.300000       0.689502
     1536.400000       0.684857
     1536.500000       0.679825
     1536.600000       0.674524
     1536.700000       0.669060
     1536.800000       0.663544
     1536.900000       0.658098
     1537.000000       0.652708
     1537.100000       0.647340
     1537.200000       0.641964
     1537.300000       0.636539
     1537.400000       0.631053
     1537.500000       0.625513
     1537.600000       0.619940
     1537.700000       0.614355
     1537.800000       0.608769
     1537.900000       0.603210
     1538.000000       0.597669
     1538.100000       0.592140
     1538.200000       0.586615
     1538.300000       0.581080
     1538.400000       0.575536
     1538.500000       0.569954
     1538.600000       0.564322
     1538.700000       0.558633
     1538.800000       0.552879
     1538.900000       0.547086
     1539.000000       0.541300
     1539.100000       0.535579
     1539.200000       0.529976
     1539.300000       0.524533
     1539.400000       0.519309
     1539.500000       0.514302
     1539.600000       0.509517
     1539.700000       0.504967
     1539.800000       0.500666
     1539.900000       0.496634
     1540.000000       0.492798
     1540.100000       0.489076
     1540.200000       0.485397
     1540.300000       0.481693
     1540.400000       0.477921
     1540.500000       0.474091
     1540.600000       0.470236
     1540.700000       0.466380
     1540.800000       0.462540
     1540.900000       0.458742
     1541.000000       0.454972
     1541.100000       0.451216
     1541.200000       0.447459
     1541.300000       0.443684
     1541.400000       0.439894
     1541.500000       0.436119
     1541.600000       0.432409
     1541.700000       0.428822
     1541.800000       0.425418
     1541.900000       0.422261
     1542.000000       0.419318
     1542.100000       0.416539
     1542.200000       0.413881
     1542.300000       0.411307
     1542.400000       0.408783
     1542.500000       0.406219
     1542.600000       0.403513
     1542.700000       0.400550
     1542.800000       0.397198
     1542.900000       0.393346
     1543.000000       0.389072
     1543.100000       0.384534
     1543.200000       0.379878
     1543.300000       0.375242
     1543.400000       0.370767
     1543.500000       0.366427
     1543.600000       0.362140
     1543.700000       0.357829
     1543.800000       0.353405
     1543.900000       0.348793
     1544.000000       0.344000
     1544.100000       0.339098
     1544.200000       0.334154
     1544.300000       0.329227
     1544.400000       0.324389
     1544.500000       0.319621
     1544.600000       0.314867
     1544.700000       0.310075
     1544.800000       0.305182
     1544.900000       0.300144
     1545.000000       0.294952
     1545.100000       0.289637
     1545.200000       0.284221
     1545.300000       0.278713
     1545.400000       0.273141
     1545.500000       0.267542
     1545.600000       0.261988
     1545.700000       0.256560
     1545.800000       0.251342
     1545.900000       0.246442
     1546.000000       0.241888
     1546.100000       0.237655
     1546.200000       0.233729
     1546.300000       0.230099
     1546.400000       0.226780
     1546.500000       0.223733
     1546.600000       0.220880
     1546.700000       0.218151
     1546.800000       0.215482
     1546.900000       0.212830
     1547.000000       0.210185
     1547.100000       0.207595
     1547.200000       0.205114
     1547.300000       0.202795
     1547.400000       0.200708
     1547.500000       0.198849
     1547.600000       0.197144
     1547.700000       0.195520
     1547.800000       0.193906
     1547.900000       0.192243
     1548.000000       0.190476
     1548.100000       0.188574
     1548.200000       0.186505
     1548.300000       0.184221
     1548.400000       0.181674
     1548.500000       0.178842
     1548.600000       0.175802
     1548.700000       0.172634
     1548.800000       0.169404
     1548.900000       0.166190
     1549.000000       0.163040
     1549.100000       0.159973
     1549.200000       0.157007
     1549.300000       0.154165
     1549.400000       0.151489
     1549.500000       0.148992
     1549.600000       0.146624
     1549.700000       0.144330
     1549.800000       0.142053
     1549.900000       0.139744
     1550.000000       0.137363
     1550.100000       0.134933
     1550.200000       0.132493
     1550.300000       0.130078
     1550.400000       0.127734
     1550.500000       0.125481
     1550.600000       0.123292
     1550.700000       0.121128
     1550.800000       0.118947
     1550.900000       0.116719
     1551.000000       0.114413
     1551.100000       0.112068
     1551.200000       0.109741
     1551.300000       0.107490
     1551.400000       0.105382
     1551.500000       0.103471
     1551.600000       0.101737
     1551.700000       0.100126
     1551.800000       0.098585
     1551.900000       0.097075
     1552.000000       0.095553
     1552.100000       0.094013
     1552.200000       0.092473
     1552.300000       0.090949
     1552.400000       0.089465
     1552.500000       0.088038
     1552.600000       0.086669
     1552.700000       0.085342
     1552.800000       0.084041
     1552.900000       0.082758
     1553.000000       0.081480
     1553.100000       0.080206
     1553.200000       0.078951
     1553.300000       0.077724
     1553.400000       0.076545
     1553.500000       0.075427
     1553.600000       0.074375
     1553.700000       0.073385
     1553.800000       0.072454
     1553.900000       0.071583
     1554.000000       0.070777
     1554.100000       0.070026
     1554.200000       0.069299
     1554.300000       0.068564
     1554.400000       0.067788
     1554.500000       0.066935
     1554.600000       0.065979
     1554.700000       0.064915
     1554.800000       0.063736
     1554.900000       0.062436
     1555.000000       0.060995
     1555.100000       0.059408
     1555.200000       0.057717
     1555.300000       0.055969
     1555.400000       0.054214
     1555.500000       0.052494
     1555.600000       0.050851
     1555.700000       0.049302
     1555.800000       0.047862
     1555.900000       0.046556
     1556.000000       0.045411
     1556.100000       0.044451
     1556.200000       0.043641
     1556.300000       0.042928
     1556.400000       0.042268
     1556.500000       0.041616
     1556.600000       0.040933
     1556.700000       0.040218
     1556.800000       0.039491
     1556.900000       0.038769
     1557.000000       0.038072
     1557.100000       0.037418
     1557.200000       0.036809
     1557.300000       0.036230
     1557.400000       0.035669
     1557.500000       0.035114
     1557.600000       0.034553
     1557.700000       0.033982
     1557.800000       0.033407
     1557.900000       0.032838
     1558.000000       0.032280
     1558.100000       0.031741
     1558.200000       0.031220
     1558.300000       0.030702
     1558.400000       0.030176
     1558.500000       0.029626
     1558.600000       0.029039
     1558.700000       0.028420
     1558.800000       0.027810
     1558.900000       0.027257
     1559.000000       0.026807
     1559.100000       0.026511
     1559.200000       0.026404
     1559.300000       0.026445
     1559.400000       0.026586
     1559.500000       0.026785
     1559.600000       0.027005
     1559.700000       0.027213
     1559.800000       0.027387
     1559.900000       0.027511
     1560.000000       0.027565
     1560.100000       0.027524
     1560.200000       0.027368
     1560.300000       0.027113
     1560.400000       0.026784
     1560.500000       0.026402
     1560.600000       0.025988
     1560.700000       0.025558
     1560.800000       0.025127
     1560.900000       0.024709
     1561.000000       0.024321
     1561.100000       0.023977
     1561.200000       0.023695
     1561.300000       0.023474
     1561.400000       0.023301
     1561.500000       0.023164
     1561.600000       0.023054
     1561.700000       0.022962
     1561.800000       0.022881
     1561.900000       0.022803
     1562.000000       0.022720
     1562.100000       0.022624
     1562.200000       0.022507
     1562.300000       0.022365
     1562.400000       0.022204
     1562.500000       0.022029
     1562.600000       0.021845
     1562.700000       0.021658
     1562.800000       0.021471
     1562.900000       0.021278
     1563.000000       0.021073
     1563.100000       0.020850
     1563.200000       0.020600
     1563.300000       0.020315
     1563.400000       0.019995
     1563.500000       0.019639
     1563.600000       0.019245
     1563.700000       0.018809
     1563.800000       0.018326
     1563.900000       0.017809
     1564.000000       0.017280
     1564.100000       0.016758
     1564.200000       0.016264
     1564.300000       0.015817
     1564.400000       0.015424
     1564.500000       0.015081
     1564.600000       0.014789
     1564.700000       0.014549
     1564.800000       0.014367
     1564.900000       0.014235
     1565.000000       0.014141
     1565.100000       0.014070
     1565.200000       0.014009
     1565.300000       0.013947
     1565.400000       0.013878
     1565.500000       0.013807
     1565.600000       0.013740
     1565.700000       0.013685
     1565.800000       0.013650
     1565.900000       0.013637
     1566.000000       0.013642
     1566.100000       0.013656
     1566.200000       0.013674
     1566.300000       0.013688
     1566.400000       0.013691
     1566.500000       0.013677
     1566.600000       0.013639
     1566.700000       0.013570
     1566.800000       0.013460
     1566.900000       0.013303
     1567.000000       0.013104
     1567.100000       0.012880
     1567.200000       0.012641
     1567.300000       0.012399
     1567.400000       0.012165
     1567.500000       0.011943
     1567.600000       0.011729
     1567.700000       0.011521
     1567.800000       0.011316
     1567.900000       0.011112
     1568.000000       0.010908
     1568.100000       0.010704
     1568.200000       0.010499
     1568.300000       0.010293
     1568.400000       0.010086
     1568.500000       0.009878
     1568.600000       0.009671
     1568.700000       0.009465
     1568.800000       0.009262
     1568.900000       0.009065
     1569.000000       0.008874
     1569.100000       0.008686
     1569.200000       0.008498
     1569.300000       0.008305
     1569.400000       0.008104
     1569.500000       0.007892
     1569.600000       0.007675
     1569.700000       0.007464
     1569.800000       0.007270
     1569.900000       0.007107
     1570.000000       0.006987
     1570.100000       0.006907
     1570.200000       0.006854
     1570.300000       0.006817
     1570.400000       0.006783
     1570.500000       0.006740
     1570.600000       0.006687
     1570.700000       0.006626
     1570.800000       0.006566
     1570.900000       0.006512
     1571.000000       0.006471
     1571.100000       0.006445
     1571.200000       0.006430
     1571.300000       0.006423
     1571.400000       0.006419
     1571.500000       0.006415
     1571.600000       0.006406
     1571.700000       0.006395
     1571.800000       0.006385
     1571.900000       0.006377
     1572.000000       0.006376
     1572.100000       0.006384
     1572.200000       0.006401
     1572.300000       0.006430
     1572.400000       0.006471
     1572.500000       0.006525
     1572.600000       0.006595
     1572.700000       0.006672
     1572.800000       0.006742
     1572.900000       0.006790
     1573.000000       0.006799
     1573.100000       0.006752
     1573.200000       0.006644
     1573.300000       0.006489
     1573.400000       0.006297
     1573.500000       0.006079
     1573.600000       0.005843
     1573.700000       0.005597
     1573.800000       0.005346
     1573.900000       0.005094
     1574.000000       0.004847
     1574.100000       0.004611
     1574.200000       0.004388
     1574.300000       0.004176
     1574.400000       0.003973
     1574.500000       0.003774
     1574.600000       0.003575
     1574.700000       0.003374
     1574.800000       0.003174
     1574.900000       0.002980
     1575.000000       0.002798
     1575.100000       0.002636
     1575.200000       0.002499
     1575.300000       0.002390
     1575.400000       0.002306
     1575.500000       0.002244
     1575.600000       0.002203
     1575.700000       0.002182
     1575.800000       0.002180
     1575.900000       0.002190
     1576.000000       0.002205
     1576.100000       0.002220
     1576.200000       0.002227
     1576.300000       0.002223
     1576.400000       0.002206
     1576.500000       0.002179
     1576.600000       0.002142
     1576.700000       0.002095
     1576.800000       0.002037
     1576.900000       0.001974
     1577.000000       0.001907
     1577.100000       0.001842
     1577.200000       0.001784
     1577.300000       0.001735
     1577.400000       0.001700
     1577.500000       0.001677
     1577.600000       0.001668
     1577.700000       0.001675
     1577.800000       0.001699
     1577.900000       0.001740
     1578.000000       0.001792
     1578.100000       0.001849
     1578.200000       0.001905
     1578.300000       0.001953
     1578.400000       0.001989
     1578.500000       0.002012
     1578.600000       0.002021
     1578.700000       0.002015
     1578.800000       0.001992
     1578.900000       0.001951
     1579.000000       0.001894
     1579.100000       0.001826
     1579.200000       0.001751
     1579.300000       0.001672
     1579.400000       0.001594
     1579.500000       0.001516
     1579.600000       0.001435
     1579.700000       0.001350
     1579.800000       0.001256
     1579.900000       0.001150
     1580.000000       0.001032
     1580.100000       0.000904
     1580.200000       0.000772
     1580.300000       0.000638
     1580.400000       0.000507
     1580.500000       0.000382
     1580.600000       0.000265
     1580.700000       0.000160
     1580.800000       0.000070
