6,   channel 6 SRF (incl. blur) from file SRF_SIRS-D_Ch06.asc received July 2019 from Carsten Stanfuss
Number of data points:
281
Wavenumber (cm-1)   Filter response
      685.000000       0.000000
      685.050000       0.000000
      685.100000       0.000000
      685.150000       0.000000
      685.200000       0.000000
      685.250000       0.000000
      685.300000       0.000000
      685.350000       0.000000
      685.400000       0.000000
      685.450000       0.000000
      685.500000       0.000000
      685.550000       0.000000
      685.600000       0.000000
      685.650000       0.000000
      685.700000       0.000000
      685.750000       0.000000
      685.800000       0.000000
      685.850000       0.000000
      685.900000       0.000002
      685.950000       0.000219
      686.000000       0.000797
      686.050000       0.001738
      686.100000       0.003040
      686.150000       0.004703
      686.200000       0.006728
      686.250000       0.009115
      686.300000       0.011864
      686.350000       0.014974
      686.400000       0.018445
      686.450000       0.022279
      686.500000       0.026474
      686.550000       0.031030
      686.600000       0.035949
      686.650000       0.041229
      686.700000       0.046870
      686.750000       0.052873
      686.800000       0.059238
      686.850000       0.065965
      686.900000       0.073053
      686.950000       0.080503
      687.000000       0.088314
      687.050000       0.096487
      687.100000       0.105022
      687.150000       0.113918
      687.200000       0.123176
      687.250000       0.132796
      687.300000       0.142775
      687.350000       0.152901
      687.400000       0.163027
      687.450000       0.173153
      687.500000       0.183279
      687.550000       0.193404
      687.600000       0.203530
      687.650000       0.213656
      687.700000       0.223782
      687.750000       0.233908
      687.800000       0.244034
      687.850000       0.254160
      687.900000       0.264286
      687.950000       0.274412
      688.000000       0.284537
      688.050000       0.294663
      688.100000       0.304789
      688.150000       0.314915
      688.200000       0.325041
      688.250000       0.335167
      688.300000       0.345293
      688.350000       0.355419
      688.400000       0.365544
      688.450000       0.375670
      688.500000       0.385796
      688.550000       0.395922
      688.600000       0.406048
      688.650000       0.416174
      688.700000       0.426300
      688.750000       0.436426
      688.800000       0.446552
      688.850000       0.456677
      688.900000       0.466803
      688.950000       0.476929
      689.000000       0.487055
      689.050000       0.497181
      689.100000       0.507307
      689.150000       0.517433
      689.200000       0.527559
      689.250000       0.537685
      689.300000       0.547810
      689.350000       0.557936
      689.400000       0.568062
      689.450000       0.578188
      689.500000       0.588314
      689.550000       0.598440
      689.600000       0.608566
      689.650000       0.618692
      689.700000       0.628818
      689.750000       0.638943
      689.800000       0.649069
      689.850000       0.659195
      689.900000       0.669321
      689.950000       0.679447
      690.000000       0.689573
      690.050000       0.699699
      690.100000       0.709825
      690.150000       0.719951
      690.200000       0.730076
      690.250000       0.740202
      690.300000       0.750328
      690.350000       0.760454
      690.400000       0.770580
      690.450000       0.780706
      690.500000       0.790832
      690.550000       0.800958
      690.600000       0.811084
      690.650000       0.821209
      690.700000       0.831335
      690.750000       0.841461
      690.800000       0.851587
      690.850000       0.861713
      690.900000       0.871837
      690.950000       0.881746
      691.000000       0.891293
      691.050000       0.900479
      691.100000       0.909303
      691.150000       0.917765
      691.200000       0.925866
      691.250000       0.933605
      691.300000       0.940982
      691.350000       0.947998
      691.400000       0.954652
      691.450000       0.960945
      691.500000       0.966876
      691.550000       0.972445
      691.600000       0.977653
      691.650000       0.982498
      691.700000       0.986983
      691.750000       0.990959
      691.800000       0.994214
      691.850000       0.996745
      691.900000       0.998553
      691.950000       0.999638
      692.000000       1.000000
      692.050000       0.999638
      692.100000       0.998553
      692.150000       0.996745
      692.200000       0.994214
      692.250000       0.990959
      692.300000       0.986983
      692.350000       0.982498
      692.400000       0.977653
      692.450000       0.972445
      692.500000       0.966876
      692.550000       0.960945
      692.600000       0.954652
      692.650000       0.947998
      692.700000       0.940982
      692.750000       0.933605
      692.800000       0.925866
      692.850000       0.917765
      692.900000       0.909303
      692.950000       0.900479
      693.000000       0.891293
      693.050000       0.881746
      693.100000       0.871837
      693.150000       0.861713
      693.200000       0.851587
      693.250000       0.841461
      693.300000       0.831335
      693.350000       0.821209
      693.400000       0.811084
      693.450000       0.800958
      693.500000       0.790832
      693.550000       0.780706
      693.600000       0.770580
      693.650000       0.760454
      693.700000       0.750328
      693.750000       0.740202
      693.800000       0.730076
      693.850000       0.719951
      693.900000       0.709825
      693.950000       0.699699
      694.000000       0.689573
      694.050000       0.679447
      694.100000       0.669321
      694.150000       0.659195
      694.200000       0.649069
      694.250000       0.638943
      694.300000       0.628818
      694.350000       0.618692
      694.400000       0.608566
      694.450000       0.598440
      694.500000       0.588314
      694.550000       0.578188
      694.600000       0.568062
      694.650000       0.557936
      694.700000       0.547810
      694.750000       0.537685
      694.800000       0.527559
      694.850000       0.517433
      694.900000       0.507307
      694.950000       0.497181
      695.000000       0.487055
      695.050000       0.476929
      695.100000       0.466803
      695.150000       0.456677
      695.200000       0.446552
      695.250000       0.436426
      695.300000       0.426300
      695.350000       0.416174
      695.400000       0.406048
      695.450000       0.395922
      695.500000       0.385796
      695.550000       0.375670
      695.600000       0.365544
      695.650000       0.355419
      695.700000       0.345293
      695.750000       0.335167
      695.800000       0.325041
      695.850000       0.314915
      695.900000       0.304789
      695.950000       0.294663
      696.000000       0.284537
      696.050000       0.274412
      696.100000       0.264286
      696.150000       0.254160
      696.200000       0.244034
      696.250000       0.233908
      696.300000       0.223782
      696.350000       0.213656
      696.400000       0.203530
      696.450000       0.193404
      696.500000       0.183279
      696.550000       0.173153
      696.600000       0.163027
      696.650000       0.152901
      696.700000       0.142775
      696.750000       0.132796
      696.800000       0.123176
      696.850000       0.113918
      696.900000       0.105022
      696.950000       0.096487
      697.000000       0.088314
      697.050000       0.080503
      697.100000       0.073053
      697.150000       0.065965
      697.200000       0.059238
      697.250000       0.052873
      697.300000       0.046870
      697.350000       0.041229
      697.400000       0.035949
      697.450000       0.031030
      697.500000       0.026474
      697.550000       0.022279
      697.600000       0.018445
      697.650000       0.014974
      697.700000       0.011864
      697.750000       0.009115
      697.800000       0.006728
      697.850000       0.004703
      697.900000       0.003040
      697.950000       0.001738
      698.000000       0.000797
      698.050000       0.000219
      698.100000       0.000002
      698.150000       0.000000
      698.200000       0.000000
      698.250000       0.000000
      698.300000       0.000000
      698.350000       0.000000
      698.400000       0.000000
      698.450000       0.000000
      698.500000       0.000000
      698.550000       0.000000
      698.600000       0.000000
      698.650000       0.000000
      698.700000       0.000000
      698.750000       0.000000
      698.800000       0.000000
      698.850000       0.000000
      698.900000       0.000000
      698.950000       0.000000
      699.000000       0.000000
