   6  ,noaa_12_hirs_06.flt
Number of data points:
50
Wavenumber (cm-1)   Filter response
      700.060000       0.000000
      702.780000       0.003358
      708.200000       0.009536
      712.310000       0.016524
      714.100000       0.026553
      715.780000       0.045298
      717.550000       0.086935
      718.930000       0.130760
      721.370000       0.318790
      722.870000       0.483040
      723.660000       0.585230
      724.410000       0.664570
      725.380000       0.751800
      726.560000       0.847750
      728.000000       0.934250
      728.770000       0.966890
      729.420000       0.986940
      729.990000       0.996590
      730.480000       1.000000
      731.630000       0.996720
      734.230000       0.985530
      736.310000       0.988410
      737.420000       0.969780
      738.520000       0.920080
      738.900000       0.873380
      739.320000       0.806310
      739.950000       0.716970
      740.680000       0.626760
      741.320000       0.518800
      742.240000       0.365610
      743.130000       0.268440
      744.060000       0.185590
      744.780000       0.138190
      746.040000       0.083095
      747.740000       0.042669
      748.900000       0.030364
      749.890000       0.021456
      753.320000       0.015540
      757.760000       0.006320
      759.920000       0.005857
      761.170000       0.000146
      766.430000       0.000273
      773.470000       0.000450
      777.800000       0.000563
      780.420000       0.001435
      785.620000       0.001784
      789.370000       0.002040
      793.560000       0.002327
      798.450000       0.002668
      800.100000       0.000000
