3,   	#Band4 extracted from MSU-MR-SRFs.txt (received July 2018)
Number of data points:
75
Wavenumber (cm-1)   Filter response
     2212.389400       0.000000
     2222.222200       0.005000
     2232.142900       0.020000
     2242.152500       0.034000
     2252.252300       0.051000
     2262.443400       0.072000
     2272.727300       0.100000
     2283.105000       0.136000
     2293.578000       0.180000
     2304.147500       0.229000
     2314.814800       0.278000
     2325.581400       0.325000
     2336.448600       0.377000
     2347.417800       0.441000
     2358.490600       0.510000
     2369.668200       0.574000
     2380.952400       0.627000
     2392.344500       0.675000
     2403.846200       0.728000
     2415.458900       0.781000
     2427.184500       0.829000
     2439.024400       0.868000
     2450.980400       0.899000
     2463.054200       0.924000
     2475.247500       0.946000
     2487.562200       0.966000
     2500.000000       0.983000
     2512.562800       0.995000
     2525.252500       0.998000
     2538.071100       0.998000
     2551.020400       0.997000
     2564.102600       0.998000
     2577.319600       1.000000
     2590.673600       0.996000
     2604.166700       0.991000
     2617.801000       0.986000
     2631.578900       0.982000
     2645.502600       0.979000
     2659.574500       0.976000
     2673.796800       0.972000
     2688.172000       0.968000
     2702.702700       0.962000
     2717.391300       0.955000
     2732.240400       0.947000
     2747.252700       0.938000
     2762.430900       0.928000
     2777.777800       0.917000
     2793.296100       0.905000
     2808.988800       0.892000
     2824.858800       0.878000
     2840.909100       0.863000
     2857.142900       0.847000
     2873.563200       0.831000
     2890.173400       0.814000
     2906.976700       0.796000
     2923.976600       0.778000
     2941.176500       0.758000
     2958.579900       0.737000
     2976.190500       0.717000
     2994.012000       0.696000
     3012.048200       0.673000
     3030.303000       0.647000
     3048.780500       0.617000
     3067.484700       0.584000
     3086.419800       0.549000
     3105.590100       0.514000
     3125.000000       0.479000
     3144.654100       0.442000
     3164.557000       0.398000
     3184.713400       0.352000
     3205.128200       0.309000
     3225.806500       0.272000
     3246.753200       0.239000
     3267.973900       0.205000
     3289.473700       0.173000
