1,   SBG channel 1 from srf_082024.csv
Number of data points:
116
Wavenumber (cm-1)   Filter response
     2526.528600       0.000150
     2527.167000       0.000167
     2527.805900       0.000185
     2528.445100       0.000206
     2529.084500       0.000230
     2529.724100       0.000257
     2530.364500       0.000289
     2531.004900       0.000324
     2531.645500       0.000366
     2532.286600       0.000413
     2532.928000       0.000468
     2533.569800       0.000532
     2534.211900       0.000607
     2534.854200       0.000695
     2535.497100       0.000798
     2536.139900       0.000920
     2536.783400       0.001064
     2537.427000       0.001235
     2538.071000       0.001441
     2538.715600       0.001688
     2539.360100       0.001987
     2540.005100       0.002350
     2540.650400       0.002794
     2541.296100       0.003340
     2541.942100       0.004017
     2542.588400       0.004860
     2543.235100       0.005920
     2543.882100       0.007262
     2544.529300       0.008973
     2545.177000       0.011177
     2545.825000       0.014038
     2546.473100       0.017788
     2547.121600       0.022746
     2547.770800       0.029362
     2548.419900       0.038260
     2549.069600       0.050307
     2549.719500       0.066677
     2550.369900       0.088898
     2551.020300       0.118822
     2551.671400       0.158417
     2552.322500       0.209298
     2552.974100       0.272057
     2553.626200       0.345693
     2554.278300       0.427574
     2554.930900       0.513988
     2555.584000       0.600882
     2556.237300       0.684342
     2556.890900       0.760781
     2557.544700       0.827085
     2558.199000       0.881014
     2558.853800       0.921796
     2559.508500       0.950467
     2560.163800       0.969487
     2560.819600       0.981767
     2561.475300       0.989754
     2562.131600       0.995032
     2562.788300       0.998373
     2563.445300       1.000000
     2564.102500       0.999831
     2564.760300       0.997638
     2565.418200       0.993072
     2566.076400       0.985574
     2566.735100       0.974209
     2567.394000       0.957520
     2568.053500       0.933555
     2568.713100       0.900223
     2569.373000       0.855925
     2570.033400       0.800143
     2570.694100       0.733667
     2571.355200       0.658392
     2572.016400       0.576997
     2572.678200       0.492724
     2573.340300       0.409263
     2574.002700       0.330506
     2574.665300       0.259983
     2575.328400       0.200103
     2575.991700       0.151669
     2576.655500       0.113997
     2577.319600       0.085490
     2577.984100       0.064269
     2578.648700       0.048590
     2579.313700       0.037016
     2579.979500       0.028442
     2580.645300       0.022053
     2581.311300       0.017253
     2581.977800       0.013618
     2582.644500       0.010841
     2583.311800       0.008700
     2583.979500       0.007036
     2584.647200       0.005731
     2585.315400       0.004700
     2585.983900       0.003880
     2586.652800       0.003222
     2587.322000       0.002691
     2587.991700       0.002260
     2588.661600       0.001907
     2589.332000       0.001618
     2590.002400       0.001378
     2590.673600       0.001179
     2591.345000       0.001013
     2592.016600       0.000874
     2592.688500       0.000757
     2593.361100       0.000657
     2594.033700       0.000573
     2594.706800       0.000502
     2595.380400       0.000440
     2596.054000       0.000387
     2596.728000       0.000342
     2597.402600       0.000302
     2598.077400       0.000268
     2598.752700       0.000239
     2599.428200       0.000213
     2600.104000       0.000190
     2600.780300       0.000171
     2601.456800       0.000153
     2602.133800       0.000138
