4,   		#Band3 extracted from MSU-MR-SRFs.txt (received July 2018)
Number of data points:
20
Wavenumber (cm-1)   Filter response
     5263.157900       0.000000
     5319.148900       0.005000
     5376.344100       0.011000
     5434.782600       0.043000
     5494.505500       0.118000
     5555.555600       0.301000
     5617.977500       0.572000
     5681.818200       0.680000
     5747.126400       0.704000
     5813.953500       0.736000
     5882.352900       0.902000
     5952.381000       1.000000
     6024.096400       0.998000
     6097.561000       0.720000
     6172.839500       0.326000
     6250.000000       0.113000
     6329.113900       0.045000
     6410.256400       0.019000
     6493.506500       0.011000
     6578.947400       0.000000
