2,    channel 2 SRF extracted from FY-3G_MERSI-RM.zip(FY3G_MERSI-RM_SRF_CH02.txt) (received Nov 2023)
Number of data points:
634
Wavenumber (cm-1)   Filter response
    10744.602000       0.001026
    10746.916000       0.001026
    10749.231100       0.001099
    10751.525200       0.001123
    10753.843300       0.001197
    10756.160200       0.001319
    10758.480400       0.001441
    10760.779600       0.001563
    10763.102900       0.001685
    10765.424900       0.001758
    10767.750300       0.001807
    10770.054600       0.001807
    10772.383100       0.001758
    10774.711500       0.001758
    10777.017600       0.001758
    10779.350300       0.001783
    10781.682800       0.001856
    10783.994200       0.001978
    10786.328800       0.002027
    10788.643400       0.002076
    10790.979900       0.002076
    10793.318600       0.002051
    10795.636200       0.002002
    10797.977000       0.001978
    10800.298900       0.001954
    10802.641700       0.002027
    10804.964400       0.002149
    10807.309200       0.002271
    10809.635200       0.002393
    10811.982000       0.002540
    10814.312300       0.002564
    10816.662300       0.002515
    10818.992300       0.002491
    10821.345500       0.002466
    10823.678700       0.002417
    10826.035100       0.002442
    10828.370300       0.002491
    10830.707700       0.002540
    10833.066000       0.002637
    10835.406600       0.002735
    10837.768100       0.002833
    10840.109600       0.002955
    10842.453200       0.003077
    10844.817800       0.003150
    10847.163500       0.003248
    10849.510100       0.003345
    10851.881400       0.003443
    10854.230100       0.003492
    10856.581000       0.003565
    10858.932900       0.003638
    10861.305900       0.003687
    10863.661100       0.003736
    10866.017200       0.003858
    10868.374400       0.003956
    10870.753900       0.004054
    10873.113200       0.004151
    10875.473400       0.004249
    10877.833600       0.004322
    10880.197100       0.004420
    10882.582900       0.004517
    10884.949700       0.004640
    10887.317500       0.004713
    10889.685100       0.004786
    10892.054900       0.004884
    10894.425800       0.004981
    10896.796500       0.005104
    10899.193300       0.005323
    10901.567200       0.005592
    10903.942300       0.005812
    10906.320700       0.006031
    10908.699000       0.006276
    10911.077100       0.006422
    10913.458700       0.006495
    10915.840100       0.006593
    10918.224900       0.006715
    10920.609600       0.006764
    10922.995300       0.006862
    10925.382000       0.006959
    10927.771000       0.007106
    10930.159900       0.007252
    10932.553400       0.007472
    10934.944300       0.007741
    10937.337500       0.008107
    10939.732900       0.008498
    10942.106600       0.008840
    10944.502900       0.009133
    10946.902700       0.009450
    10949.303500       0.009694
    10951.704200       0.009865
    10954.108300       0.010109
    10956.511100       0.010402
    10958.895700       0.010647
    10961.301800       0.010915
    10963.707700       0.011208
    10966.118300       0.011550
    10968.528800       0.011916
    10970.918600       0.012307
    10973.330000       0.012771
    10975.744800       0.013284
    10978.160700       0.013723
    10980.556000       0.014090
    10982.972800       0.014480
    10985.393100       0.014822
    10987.790300       0.015140
    10990.213900       0.015530
    10992.637400       0.015994
    10995.061900       0.016483
    10997.465700       0.016996
    10999.892400       0.017557
    11002.299600       0.018094
    11004.728400       0.018680
    11007.160700       0.019242
    11009.572300       0.019877
    11012.004300       0.020561
    11014.438600       0.021318
    11016.854600       0.022050
    11019.289800       0.022905
    11021.707900       0.023759
    11024.150200       0.024590
    11026.568000       0.025396
    11029.011200       0.026299
    11031.432300       0.027154
    11033.877600       0.027984
    11036.302200       0.028887
    11038.752100       0.029889
    11041.178700       0.030914
    11043.627200       0.031964
    11046.058400       0.033112
    11048.513900       0.034260
    11050.943600       0.035383
    11053.376900       0.036531
    11055.834400       0.037776
    11058.272200       0.039070
    11060.730700       0.040486
    11063.170700       0.042025
    11065.610600       0.043612
    11068.074700       0.045224
    11070.518000       0.046860
    11072.963500       0.048398
    11075.431000       0.049985
    11077.876300       0.051646
    11080.323800       0.053380
    11082.795800       0.055284
    11085.246800       0.057458
    11087.700000       0.059680
    11090.153200       0.061926
    11092.630800       0.064295
    11095.087300       0.066663
    11097.543700       0.069008
    11100.002500       0.071401
    11102.485700       0.073989
    11104.946600       0.076651
    11107.409900       0.079337
    11109.873000       0.082194
    11112.337200       0.085197
    11114.806200       0.088225
    11117.297300       0.091326
    11119.767200       0.094696
    11122.235800       0.098090
    11124.709200       0.101656
    11127.180000       0.105294
    11129.654400       0.109103
    11132.133500       0.112962
    11134.607600       0.117064
    11137.087700       0.121239
    11139.567800       0.125733
    11142.073700       0.130299
    11144.554700       0.134987
    11147.039300       0.139749
    11149.524900       0.144657
    11152.011700       0.149590
    11154.498400       0.154669
    11156.988600       0.159919
    11159.480000       0.165193
    11161.972500       0.170614
    11164.466100       0.176109
    11166.937100       0.181823
    11169.431700       0.187659
    11171.928600       0.193812
    11174.429200       0.200063
    11176.928300       0.206534
    11179.432300       0.213103
    11181.932500       0.219818
    11184.437500       0.226460
    11186.943700       0.233298
    11189.427200       0.240306
    11191.935500       0.247412
    11194.445000       0.254566
    11196.955700       0.262136
    11199.468700       0.269804
    11201.981600       0.277496
    11204.473000       0.285310
    11206.990700       0.293392
    11209.509400       0.301524
    11212.026800       0.309875
    11214.525200       0.318470
    11217.047400       0.327359
    11219.570700       0.336296
    11222.095100       0.345282
    11224.596800       0.354244
    11227.124700       0.363279
    11229.653800       0.372216
    11232.160100       0.381178
    11234.692700       0.390262
    11237.225200       0.399565
    11239.736200       0.408942
    11242.272200       0.418417
    11244.808100       0.428184
    11247.325000       0.438001
    11249.863200       0.447548
    11252.379700       0.457218
    11254.924000       0.467132
    11257.466900       0.476997
    11259.989400       0.486912
    11262.537200       0.497363
    11265.062000       0.507790
    11267.610700       0.517948
    11270.136500       0.528106
    11272.690100       0.538386
    11275.220700       0.548520
    11277.775300       0.558556
    11280.308200       0.568959
    11282.865200       0.579386
    11285.400300       0.589690
    11287.959600       0.599800
    11290.498300       0.609982
    11293.063700       0.619945
    11295.602200       0.629640
    11298.169900       0.639285
    11300.714500       0.649004
    11303.260300       0.658796
    11305.828900       0.668368
    11308.377000       0.678233
    11310.926200       0.688025
    11313.500800       0.697793
    11316.053600       0.707267
    11318.630700       0.716986
    11321.184500       0.726607
    11323.742000       0.736228
    11326.299500       0.745312
    11328.882400       0.754395
    11331.443500       0.763137
    11334.004400       0.771440
    11336.593400       0.779425
    11339.156700       0.787629
    11341.723600       0.795566
    11344.290500       0.803209
    11346.882900       0.810778
    11349.453400       0.818153
    11352.025000       0.825674
    11354.597800       0.833244
    11357.171800       0.840740
    11359.772800       0.848164
    11362.349100       0.855489
    11364.929100       0.861985
    11367.507800       0.868016
    11370.090200       0.873828
    11372.673800       0.879102
    11375.257200       0.884035
    11377.866500       0.888968
    11380.454900       0.893778
    11383.043200       0.898051
    11385.635200       0.902300
    11388.223300       0.906671
    11390.816400       0.911140
    11393.410700       0.915462
    11396.007500       0.920565
    11398.604200       0.925767
    11401.203300       0.929991
    11403.803700       0.934069
    11406.405200       0.938318
    11409.006600       0.942323
    11411.611800       0.946327
    11414.216900       0.951626
    11416.824500       0.956779
    11419.432000       0.961418
    11422.041900       0.964666
    11424.654400       0.967425
    11427.266800       0.968817
    11429.881600       0.969696
    11432.495100       0.970478
    11435.112300       0.972407
    11437.732100       0.974140
    11440.326900       0.976363
    11442.946400       0.978292
    11445.571000       0.980025
    11448.195600       0.981051
    11450.820000       0.982296
    11453.448300       0.983932
    11456.076500       0.986325
    11458.680900       0.988889
    11461.312800       0.991991
    11463.945900       0.994555
    11466.581500       0.996337
    11469.217000       0.997534
    11471.828700       0.997876
    11474.466700       0.997509
    11477.108400       0.997802
    11479.748800       0.998022
    11482.366600       0.997973
    11485.012100       0.998999
    11487.658700       0.999951
    11490.280100       1.000000
    11492.929200       0.999463
    11495.579500       0.999121
    11498.207200       0.997753
    11500.859900       0.996239
    11503.513900       0.995287
    11506.145200       0.995483
    11508.802900       0.995434
    11511.463200       0.995189
    11514.098100       0.994921
    11516.760900       0.993969
    11519.399600       0.992113
    11522.063400       0.990574
    11524.729800       0.990501
    11527.373500       0.990867
    11530.041100       0.990696
    11532.687200       0.990941
    11535.359900       0.990770
    11538.009800       0.989353
    11540.683600       0.987449
    11543.335900       0.987156
    11546.013500       0.985886
    11548.668300       0.984665
    11551.348400       0.984079
    11554.005700       0.984054
    11556.689500       0.983322
    11559.350600       0.983737
    11562.038300       0.984470
    11564.701800       0.984518
    11567.392000       0.983737
    11570.058000       0.982614
    11572.725300       0.981124
    11575.420500       0.979024
    11578.090200       0.976411
    11580.788000       0.974165
    11583.461500       0.972480
    11586.136300       0.970526
    11588.837800       0.968842
    11591.516400       0.968329
    11594.197500       0.966937
    11596.902800       0.964935
    11599.583800       0.962883
    11602.268700       0.960637
    11604.954800       0.958195
    11607.666400       0.956974
    11610.355100       0.956486
    11613.045000       0.956437
    11615.761800       0.956119
    11618.454100       0.954996
    11621.149100       0.954264
    11623.845400       0.953043
    11626.568600       0.951773
    11629.266000       0.952457
    11631.967300       0.954239
    11634.670000       0.955338
    11637.372500       0.955411
    11640.077600       0.955289
    11642.807100       0.953458
    11645.517400       0.951700
    11648.225000       0.950234
    11650.937900       0.950430
    11653.649300       0.950454
    11656.362100       0.950674
    11659.078700       0.950063
    11661.795300       0.948720
    11664.540400       0.946523
    11667.258200       0.944594
    11669.980000       0.943592
    11672.703000       0.943104
    11675.427300       0.943934
    11678.154300       0.945595
    11680.878400       0.946962
    11683.610600       0.947036
    11686.340000       0.947206
    11689.072100       0.946327
    11691.805400       0.945399
    11694.540000       0.945717
    11697.277300       0.946913
    11700.014400       0.947890
    11702.752900       0.948989
    11705.494000       0.949941
    11708.237700       0.949868
    11710.981400       0.949306
    11713.727700       0.948452
    11716.475400       0.947670
    11719.196800       0.945937
    11721.947000       0.944374
    11724.697100       0.943055
    11727.451200       0.942640
    11730.206700       0.942713
    11732.962000       0.943788
    11735.720000       0.945351
    11738.454600       0.947402
    11741.213800       0.948696
    11743.975700       0.949258
    11746.741700       0.949673
    11749.507500       0.949355
    11752.273400       0.948672
    11755.015600       0.947475
    11757.786800       0.946840
    11760.559200       0.945888
    11763.333000       0.944789
    11766.080400       0.943177
    11768.856800       0.942811
    11771.633100       0.941908
    11774.412200       0.940809
    11777.168900       0.940052
    11779.950500       0.938880
    11782.733500       0.937268
    11785.494100       0.936047
    11788.281100       0.935021
    11791.069300       0.933605
    11793.833900       0.932970
    11796.624800       0.931749
    11799.418400       0.930162
    11802.188200       0.928477
    11804.983100       0.926524
    11807.782100       0.923569
    11810.554500       0.919882
    11813.356100       0.915096
    11816.132500       0.910090
    11818.936700       0.905133
    11821.715800       0.900420
    11824.522700       0.896537
    11827.332300       0.893705
    11830.116700       0.890506
    11832.927600       0.887185
    11835.716000       0.884181
    11838.531000       0.880274
    11841.320600       0.876001
    11844.138200       0.871508
    11846.932000       0.867064
    11849.753700       0.861203
    11852.550000       0.855270
    11855.374400       0.848457
    11858.173400       0.840350
    11861.001900       0.831070
    11863.803500       0.823256
    11866.609300       0.815589
    11869.441800       0.806945
    11872.248900       0.799912
    11875.085500       0.792611
    11877.895200       0.783918
    11880.709100       0.774077
    11883.548400       0.765555
    11886.363500       0.755470
    11889.181400       0.745702
    11892.026100       0.734934
    11894.846700       0.725142
    11897.667200       0.715228
    11900.518800       0.706095
    11903.342000       0.697109
    11906.170800       0.689392
    11909.025100       0.680992
    11911.853700       0.671860
    11914.683700       0.661677
    11917.516500       0.651543
    11920.379000       0.640872
    11923.214500       0.630055
    11926.051300       0.618480
    11928.890900       0.606637
    11931.758900       0.593475
    11934.601200       0.580240
    11937.446300       0.566419
    11940.291400       0.552989
    11943.137800       0.540853
    11946.012600       0.529034
    11948.863200       0.516751
    11951.715100       0.505055
    11954.568300       0.494115
    11957.424400       0.482565
    11960.280400       0.471918
    11963.167800       0.461125
    11966.026500       0.450332
    11968.888100       0.438709
    11971.752400       0.426524
    11974.615300       0.413264
    11977.482300       0.400176
    11980.350800       0.387502
    11983.219200       0.374976
    11986.090400       0.363059
    11988.964400       0.352046
    11991.836900       0.341888
    11994.712300       0.330948
    11997.591800       0.320180
    12000.469900       0.309997
    12003.350900       0.299521
    12006.234600       0.289070
    12009.116800       0.278887
    12012.003400       0.269828
    12014.891300       0.260891
    12017.780500       0.253052
    12020.671200       0.245629
    12023.561900       0.239524
    12026.456800       0.232711
    12029.351600       0.225752
    12032.247900       0.218304
    12035.148400       0.210612
    12038.048900       0.202725
    12040.952200       0.195595
    12043.828000       0.188709
    12046.732600       0.182384
    12049.638700       0.176035
    12052.547700       0.169198
    12055.458000       0.162092
    12058.369700       0.154815
    12061.282900       0.147368
    12064.169800       0.140482
    12067.087200       0.134621
    12070.004600       0.129005
    12072.926300       0.123828
    12075.847900       0.118700
    12078.743300       0.113596
    12081.667700       0.108127
    12084.595100       0.103047
    12087.523800       0.098628
    12090.424800       0.094818
    12093.357800       0.091375
    12096.289400       0.088372
    12099.226700       0.085344
    12102.134800       0.081827
    12105.072000       0.078311
    12108.012200       0.074795
    12110.927400       0.071352
    12113.868900       0.068055
    12116.814800       0.065174
    12119.734200       0.062244
    12122.681500       0.059411
    12125.631700       0.056456
    12128.555400       0.053648
    12131.509900       0.050986
    12134.435000       0.048593
    12137.393800       0.046445
    12140.351200       0.044589
    12143.283500       0.042904
    12146.245200       0.041317
    12149.178800       0.039681
    12152.144900       0.038045
    12155.112400       0.036555
    12158.053200       0.035041
    12161.022100       0.033576
    12163.964400       0.032306
    12166.939200       0.031012
    12169.887200       0.029767
    12172.861900       0.028716
    12175.811400       0.027593
    12178.794900       0.026543
    12181.747300       0.025664
    12184.730800       0.024712
    12187.687500       0.023662
    12190.673800       0.022783
    12193.636400       0.021904
    12196.597400       0.021073
    12199.589700       0.020365
    12202.555100       0.019804
    12205.551700       0.019242
    12208.518600       0.018705
    12211.489800       0.018119
    12214.490900       0.017533
    12217.463500       0.016800
    12220.469000       0.016043
    12223.444600       0.015335
    12226.423100       0.014676
    12229.433000       0.014065
    12232.415900       0.013650
    12235.400300       0.013333
    12238.416100       0.012991
    12241.401900       0.012649
    12244.390700       0.012283
    12247.412400       0.011843
    12250.402600       0.011379
    12253.395800       0.010940
    12256.392000       0.010524
    12259.419600       0.010134
    12262.418700       0.009792
    12265.420800       0.009450
    12268.422800       0.009133
    12271.456400       0.008864
    12274.462900       0.008644
    12277.469300       0.008400
    12280.478800       0.008205
    12283.491200       0.008034
    12286.533800       0.007838
    12289.547600       0.007619
    12292.564500       0.007472
    12295.582900       0.007301
    12298.602700       0.007081
    12301.624000       0.006837
    12304.675600       0.006618
    12307.701400       0.006324
    12310.730200       0.006056
    12313.757500       0.005861
    12316.787800       0.005714
    12319.821100       0.005543
    12322.852800       0.005494
    12325.889100       0.005397
    12328.926900       0.005274
    12331.964600       0.005128
    12335.006900       0.005006
    12338.049200       0.004737
    12341.121900       0.004542
    12344.168800       0.004347
    12347.215600       0.004224
    12350.265400       0.004102
    12353.318200       0.004054
    12356.371100       0.004005
    12359.425400       0.003931
    12362.479800       0.003809
    12365.538700       0.003663
    12368.599100       0.003541
    12371.631900       0.003370
    12374.693900       0.003272
    12377.758800       0.003174
    12380.828300       0.003126
    12383.897900       0.003052
    12386.965800       0.003004
    12390.039900       0.002906
    12393.114000       0.002857
    12396.189700       0.002759
    12399.266800       0.002710
    12402.347000       0.002710
    12405.396400       0.002686
    12408.479700       0.002613
    12411.566000       0.002588
    12414.652400       0.002491
    12417.740200       0.002369
    12420.831200       0.002320
    12423.891200       0.002295
    12426.986800       0.002320
    12430.082300       0.002393
    12433.177900       0.002417
    12436.278100       0.002369
