1, GOES 0.47um ABI FM3 SRF CWG processed March 10, 2016
Number of data points:
2640
Wavenumber (cm-1)   Filter response
    19983.000000       0.001007
    19984.000000       0.001023
    19985.000000       0.001039
    19986.000000       0.001055
    19987.000000       0.001071
    19988.000000       0.001088
    19989.000000       0.001105
    19990.000000       0.001122
    19991.000000       0.001139
    19992.000000       0.001156
    19993.000000       0.001174
    19994.000000       0.001191
    19995.000000       0.001209
    19996.000000       0.001227
    19997.000000       0.001246
    19998.000000       0.001264
    19999.000000       0.001282
    20000.000000       0.001301
    20001.000000       0.001320
    20002.000000       0.001339
    20003.000000       0.001359
    20004.000000       0.001378
    20005.000000       0.001398
    20006.000000       0.001419
    20007.000000       0.001439
    20008.000000       0.001460
    20009.000000       0.001481
    20010.000000       0.001503
    20011.000000       0.001524
    20012.000000       0.001546
    20013.000000       0.001569
    20014.000000       0.001591
    20015.000000       0.001614
    20016.000000       0.001638
    20017.000000       0.001661
    20018.000000       0.001685
    20019.000000       0.001709
    20020.000000       0.001734
    20021.000000       0.001759
    20022.000000       0.001784
    20023.000000       0.001810
    20024.000000       0.001836
    20025.000000       0.001862
    20026.000000       0.001888
    20027.000000       0.001915
    20028.000000       0.001943
    20029.000000       0.001970
    20030.000000       0.001999
    20031.000000       0.002027
    20032.000000       0.002056
    20033.000000       0.002085
    20034.000000       0.002115
    20035.000000       0.002144
    20036.000000       0.002175
    20037.000000       0.002205
    20038.000000       0.002237
    20039.000000       0.002268
    20040.000000       0.002300
    20041.000000       0.002332
    20042.000000       0.002365
    20043.000000       0.002398
    20044.000000       0.002431
    20045.000000       0.002465
    20046.000000       0.002500
    20047.000000       0.002535
    20048.000000       0.002570
    20049.000000       0.002606
    20050.000000       0.002643
    20051.000000       0.002680
    20052.000000       0.002717
    20053.000000       0.002756
    20054.000000       0.002795
    20055.000000       0.002834
    20056.000000       0.002874
    20057.000000       0.002915
    20058.000000       0.002957
    20059.000000       0.002999
    20060.000000       0.003043
    20061.000000       0.003086
    20062.000000       0.003131
    20063.000000       0.003177
    20064.000000       0.003223
    20065.000000       0.003270
    20066.000000       0.003318
    20067.000000       0.003367
    20068.000000       0.003417
    20069.000000       0.003468
    20070.000000       0.003520
    20071.000000       0.003573
    20072.000000       0.003626
    20073.000000       0.003681
    20074.000000       0.003737
    20075.000000       0.003794
    20076.000000       0.003852
    20077.000000       0.003911
    20078.000000       0.003971
    20079.000000       0.004032
    20080.000000       0.004095
    20081.000000       0.004159
    20082.000000       0.004225
    20083.000000       0.004293
    20084.000000       0.004363
    20085.000000       0.004436
    20086.000000       0.004511
    20087.000000       0.004588
    20088.000000       0.004667
    20089.000000       0.004748
    20090.000000       0.004832
    20091.000000       0.004917
    20092.000000       0.005005
    20093.000000       0.005095
    20094.000000       0.005187
    20095.000000       0.005282
    20096.000000       0.005378
    20097.000000       0.005477
    20098.000000       0.005578
    20099.000000       0.005681
    20100.000000       0.005787
    20101.000000       0.005894
    20102.000000       0.006004
    20103.000000       0.006115
    20104.000000       0.006229
    20105.000000       0.006346
    20106.000000       0.006464
    20107.000000       0.006584
    20108.000000       0.006707
    20109.000000       0.006832
    20110.000000       0.006959
    20111.000000       0.007088
    20112.000000       0.007220
    20113.000000       0.007353
    20114.000000       0.007489
    20115.000000       0.007627
    20116.000000       0.007767
    20117.000000       0.007909
    20118.000000       0.008053
    20119.000000       0.008199
    20120.000000       0.008348
    20121.000000       0.008499
    20122.000000       0.008654
    20123.000000       0.008814
    20124.000000       0.008979
    20125.000000       0.009150
    20126.000000       0.009325
    20127.000000       0.009505
    20128.000000       0.009690
    20129.000000       0.009881
    20130.000000       0.010076
    20131.000000       0.010277
    20132.000000       0.010483
    20133.000000       0.010693
    20134.000000       0.010909
    20135.000000       0.011131
    20136.000000       0.011357
    20137.000000       0.011589
    20138.000000       0.011825
    20139.000000       0.012067
    20140.000000       0.012314
    20141.000000       0.012567
    20142.000000       0.012825
    20143.000000       0.013088
    20144.000000       0.013356
    20145.000000       0.013630
    20146.000000       0.013909
    20147.000000       0.014193
    20148.000000       0.014482
    20149.000000       0.014777
    20150.000000       0.015078
    20151.000000       0.015383
    20152.000000       0.015695
    20153.000000       0.016011
    20154.000000       0.016333
    20155.000000       0.016661
    20156.000000       0.016994
    20157.000000       0.017332
    20158.000000       0.017676
    20159.000000       0.018025
    20160.000000       0.018380
    20161.000000       0.018740
    20162.000000       0.019109
    20163.000000       0.019491
    20164.000000       0.019886
    20165.000000       0.020296
    20166.000000       0.020720
    20167.000000       0.021158
    20168.000000       0.021610
    20169.000000       0.022075
    20170.000000       0.022554
    20171.000000       0.023047
    20172.000000       0.023553
    20173.000000       0.024072
    20174.000000       0.024606
    20175.000000       0.025152
    20176.000000       0.025712
    20177.000000       0.026285
    20178.000000       0.026871
    20179.000000       0.027470
    20180.000000       0.028082
    20181.000000       0.028708
    20182.000000       0.029346
    20183.000000       0.029997
    20184.000000       0.030660
    20185.000000       0.031337
    20186.000000       0.032026
    20187.000000       0.032728
    20188.000000       0.033442
    20189.000000       0.034169
    20190.000000       0.034908
    20191.000000       0.035659
    20192.000000       0.036423
    20193.000000       0.037199
    20194.000000       0.037987
    20195.000000       0.038787
    20196.000000       0.039600
    20197.000000       0.040424
    20198.000000       0.041260
    20199.000000       0.042108
    20200.000000       0.042968
    20201.000000       0.043839
    20202.000000       0.044722
    20203.000000       0.045635
    20204.000000       0.046597
    20205.000000       0.047606
    20206.000000       0.048661
    20207.000000       0.049761
    20208.000000       0.050902
    20209.000000       0.052085
    20210.000000       0.053308
    20211.000000       0.054568
    20212.000000       0.055864
    20213.000000       0.057196
    20214.000000       0.058560
    20215.000000       0.059956
    20216.000000       0.061382
    20217.000000       0.062836
    20218.000000       0.064317
    20219.000000       0.065823
    20220.000000       0.067353
    20221.000000       0.068905
    20222.000000       0.070478
    20223.000000       0.072070
    20224.000000       0.073679
    20225.000000       0.075303
    20226.000000       0.076943
    20227.000000       0.078595
    20228.000000       0.080258
    20229.000000       0.081930
    20230.000000       0.083611
    20231.000000       0.085298
    20232.000000       0.086990
    20233.000000       0.088685
    20234.000000       0.090382
    20235.000000       0.092079
    20236.000000       0.093775
    20237.000000       0.095468
    20238.000000       0.097157
    20239.000000       0.098840
    20240.000000       0.100515
    20241.000000       0.102181
    20242.000000       0.103836
    20243.000000       0.105479
    20244.000000       0.107121
    20245.000000       0.108769
    20246.000000       0.110424
    20247.000000       0.112086
    20248.000000       0.113756
    20249.000000       0.115433
    20250.000000       0.117118
    20251.000000       0.118811
    20252.000000       0.120512
    20253.000000       0.122222
    20254.000000       0.123940
    20255.000000       0.125668
    20256.000000       0.127404
    20257.000000       0.129150
    20258.000000       0.130905
    20259.000000       0.132669
    20260.000000       0.134444
    20261.000000       0.136229
    20262.000000       0.138024
    20263.000000       0.139830
    20264.000000       0.141647
    20265.000000       0.143474
    20266.000000       0.145313
    20267.000000       0.147163
    20268.000000       0.149025
    20269.000000       0.150899
    20270.000000       0.152784
    20271.000000       0.154682
    20272.000000       0.156593
    20273.000000       0.158516
    20274.000000       0.160452
    20275.000000       0.162401
    20276.000000       0.164364
    20277.000000       0.166339
    20278.000000       0.168329
    20279.000000       0.170333
    20280.000000       0.172351
    20281.000000       0.174383
    20282.000000       0.176430
    20283.000000       0.178491
    20284.000000       0.180568
    20285.000000       0.182659
    20286.000000       0.184765
    20287.000000       0.186889
    20288.000000       0.189032
    20289.000000       0.191195
    20290.000000       0.193380
    20291.000000       0.195590
    20292.000000       0.197825
    20293.000000       0.200087
    20294.000000       0.202379
    20295.000000       0.204701
    20296.000000       0.207056
    20297.000000       0.209444
    20298.000000       0.211869
    20299.000000       0.214331
    20300.000000       0.216833
    20301.000000       0.219376
    20302.000000       0.221961
    20303.000000       0.224590
    20304.000000       0.227266
    20305.000000       0.229992
    20306.000000       0.232787
    20307.000000       0.235653
    20308.000000       0.238586
    20309.000000       0.241583
    20310.000000       0.244639
    20311.000000       0.247752
    20312.000000       0.250918
    20313.000000       0.254134
    20314.000000       0.257396
    20315.000000       0.260700
    20316.000000       0.264043
    20317.000000       0.267422
    20318.000000       0.270833
    20319.000000       0.274272
    20320.000000       0.277736
    20321.000000       0.281222
    20322.000000       0.284726
    20323.000000       0.288245
    20324.000000       0.291774
    20325.000000       0.295312
    20326.000000       0.298869
    20327.000000       0.302475
    20328.000000       0.306130
    20329.000000       0.309830
    20330.000000       0.313574
    20331.000000       0.317359
    20332.000000       0.321183
    20333.000000       0.325044
    20334.000000       0.328939
    20335.000000       0.332866
    20336.000000       0.336823
    20337.000000       0.340807
    20338.000000       0.344817
    20339.000000       0.348850
    20340.000000       0.352903
    20341.000000       0.356975
    20342.000000       0.361063
    20343.000000       0.365164
    20344.000000       0.369278
    20345.000000       0.373400
    20346.000000       0.377530
    20347.000000       0.381665
    20348.000000       0.385802
    20349.000000       0.389939
    20350.000000       0.394074
    20351.000000       0.398205
    20352.000000       0.402330
    20353.000000       0.406446
    20354.000000       0.410550
    20355.000000       0.414642
    20356.000000       0.418717
    20357.000000       0.422775
    20358.000000       0.426813
    20359.000000       0.430829
    20360.000000       0.434820
    20361.000000       0.438784
    20362.000000       0.442719
    20363.000000       0.446623
    20364.000000       0.450494
    20365.000000       0.454328
    20366.000000       0.458125
    20367.000000       0.461883
    20368.000000       0.465620
    20369.000000       0.469342
    20370.000000       0.473048
    20371.000000       0.476739
    20372.000000       0.480416
    20373.000000       0.484079
    20374.000000       0.487729
    20375.000000       0.491366
    20376.000000       0.494991
    20377.000000       0.498604
    20378.000000       0.502206
    20379.000000       0.505797
    20380.000000       0.509378
    20381.000000       0.512949
    20382.000000       0.516511
    20383.000000       0.520065
    20384.000000       0.523610
    20385.000000       0.527148
    20386.000000       0.530679
    20387.000000       0.534203
    20388.000000       0.537722
    20389.000000       0.541235
    20390.000000       0.544742
    20391.000000       0.548246
    20392.000000       0.551745
    20393.000000       0.555241
    20394.000000       0.558734
    20395.000000       0.562224
    20396.000000       0.565713
    20397.000000       0.569200
    20398.000000       0.572687
    20399.000000       0.576173
    20400.000000       0.579659
    20401.000000       0.583146
    20402.000000       0.586634
    20403.000000       0.590124
    20404.000000       0.593616
    20405.000000       0.597111
    20406.000000       0.600609
    20407.000000       0.604110
    20408.000000       0.607616
    20409.000000       0.611122
    20410.000000       0.614619
    20411.000000       0.618106
    20412.000000       0.621585
    20413.000000       0.625057
    20414.000000       0.628521
    20415.000000       0.631979
    20416.000000       0.635430
    20417.000000       0.638876
    20418.000000       0.642317
    20419.000000       0.645754
    20420.000000       0.649186
    20421.000000       0.652616
    20422.000000       0.656042
    20423.000000       0.659467
    20424.000000       0.662889
    20425.000000       0.666311
    20426.000000       0.669732
    20427.000000       0.673153
    20428.000000       0.676574
    20429.000000       0.679997
    20430.000000       0.683421
    20431.000000       0.686847
    20432.000000       0.690276
    20433.000000       0.693708
    20434.000000       0.697144
    20435.000000       0.700585
    20436.000000       0.704030
    20437.000000       0.707481
    20438.000000       0.710938
    20439.000000       0.714401
    20440.000000       0.717871
    20441.000000       0.721349
    20442.000000       0.724836
    20443.000000       0.728331
    20444.000000       0.731835
    20445.000000       0.735349
    20446.000000       0.738873
    20447.000000       0.742409
    20448.000000       0.745955
    20449.000000       0.749514
    20450.000000       0.753086
    20451.000000       0.756692
    20452.000000       0.760346
    20453.000000       0.764044
    20454.000000       0.767784
    20455.000000       0.771560
    20456.000000       0.775372
    20457.000000       0.779214
    20458.000000       0.783085
    20459.000000       0.786980
    20460.000000       0.790897
    20461.000000       0.794832
    20462.000000       0.798782
    20463.000000       0.802744
    20464.000000       0.806714
    20465.000000       0.810690
    20466.000000       0.814667
    20467.000000       0.818644
    20468.000000       0.822616
    20469.000000       0.826580
    20470.000000       0.830534
    20471.000000       0.834473
    20472.000000       0.838395
    20473.000000       0.842296
    20474.000000       0.846174
    20475.000000       0.850025
    20476.000000       0.853845
    20477.000000       0.857632
    20478.000000       0.861382
    20479.000000       0.865093
    20480.000000       0.868760
    20481.000000       0.872382
    20482.000000       0.875953
    20483.000000       0.879472
    20484.000000       0.882936
    20485.000000       0.886340
    20486.000000       0.889682
    20487.000000       0.892958
    20488.000000       0.896166
    20489.000000       0.899301
    20490.000000       0.902362
    20491.000000       0.905345
    20492.000000       0.908247
    20493.000000       0.911090
    20494.000000       0.913882
    20495.000000       0.916621
    20496.000000       0.919302
    20497.000000       0.921923
    20498.000000       0.924479
    20499.000000       0.926966
    20500.000000       0.929383
    20501.000000       0.931724
    20502.000000       0.933986
    20503.000000       0.936166
    20504.000000       0.938260
    20505.000000       0.940280
    20506.000000       0.942284
    20507.000000       0.944278
    20508.000000       0.946260
    20509.000000       0.948227
    20510.000000       0.950177
    20511.000000       0.952109
    20512.000000       0.954020
    20513.000000       0.955909
    20514.000000       0.957772
    20515.000000       0.959608
    20516.000000       0.961415
    20517.000000       0.963191
    20518.000000       0.964933
    20519.000000       0.966640
    20520.000000       0.968310
    20521.000000       0.969940
    20522.000000       0.971528
    20523.000000       0.973073
    20524.000000       0.974571
    20525.000000       0.976022
    20526.000000       0.977423
    20527.000000       0.978772
    20528.000000       0.980067
    20529.000000       0.981306
    20530.000000       0.982486
    20531.000000       0.983607
    20532.000000       0.984664
    20533.000000       0.985658
    20534.000000       0.986585
    20535.000000       0.987479
    20536.000000       0.988356
    20537.000000       0.989210
    20538.000000       0.990036
    20539.000000       0.990826
    20540.000000       0.991575
    20541.000000       0.992276
    20542.000000       0.992923
    20543.000000       0.993510
    20544.000000       0.994031
    20545.000000       0.994479
    20546.000000       0.994848
    20547.000000       0.995141
    20548.000000       0.995413
    20549.000000       0.995676
    20550.000000       0.995931
    20551.000000       0.996177
    20552.000000       0.996414
    20553.000000       0.996642
    20554.000000       0.996863
    20555.000000       0.997074
    20556.000000       0.997278
    20557.000000       0.997473
    20558.000000       0.997660
    20559.000000       0.997839
    20560.000000       0.998009
    20561.000000       0.998172
    20562.000000       0.998327
    20563.000000       0.998475
    20564.000000       0.998614
    20565.000000       0.998746
    20566.000000       0.998870
    20567.000000       0.998987
    20568.000000       0.999096
    20569.000000       0.999198
    20570.000000       0.999293
    20571.000000       0.999381
    20572.000000       0.999462
    20573.000000       0.999535
    20574.000000       0.999602
    20575.000000       0.999661
    20576.000000       0.999714
    20577.000000       0.999763
    20578.000000       0.999811
    20579.000000       0.999856
    20580.000000       0.999898
    20581.000000       0.999934
    20582.000000       0.999964
    20583.000000       0.999986
    20584.000000       0.999998
    20585.000000       0.999998
    20586.000000       0.999972
    20587.000000       0.999919
    20588.000000       0.999839
    20589.000000       0.999734
    20590.000000       0.999606
    20591.000000       0.999454
    20592.000000       0.999282
    20593.000000       0.999089
    20594.000000       0.998877
    20595.000000       0.998648
    20596.000000       0.998401
    20597.000000       0.998140
    20598.000000       0.997865
    20599.000000       0.997576
    20600.000000       0.997276
    20601.000000       0.996966
    20602.000000       0.996646
    20603.000000       0.996319
    20604.000000       0.995985
    20605.000000       0.995645
    20606.000000       0.995301
    20607.000000       0.994953
    20608.000000       0.994604
    20609.000000       0.994254
    20610.000000       0.993905
    20611.000000       0.993558
    20612.000000       0.993213
    20613.000000       0.992873
    20614.000000       0.992538
    20615.000000       0.992209
    20616.000000       0.991889
    20617.000000       0.991577
    20618.000000       0.991276
    20619.000000       0.990983
    20620.000000       0.990679
    20621.000000       0.990366
    20622.000000       0.990052
    20623.000000       0.989742
    20624.000000       0.989430
    20625.000000       0.989109
    20626.000000       0.988780
    20627.000000       0.988445
    20628.000000       0.988104
    20629.000000       0.987757
    20630.000000       0.987406
    20631.000000       0.987051
    20632.000000       0.986693
    20633.000000       0.986333
    20634.000000       0.985971
    20635.000000       0.985607
    20636.000000       0.985244
    20637.000000       0.984881
    20638.000000       0.984520
    20639.000000       0.984160
    20640.000000       0.983803
    20641.000000       0.983450
    20642.000000       0.983101
    20643.000000       0.982756
    20644.000000       0.982417
    20645.000000       0.982085
    20646.000000       0.981760
    20647.000000       0.981442
    20648.000000       0.981133
    20649.000000       0.980833
    20650.000000       0.980543
    20651.000000       0.980264
    20652.000000       0.979996
    20653.000000       0.979740
    20654.000000       0.979498
    20655.000000       0.979268
    20656.000000       0.979053
    20657.000000       0.978853
    20658.000000       0.978669
    20659.000000       0.978501
    20660.000000       0.978351
    20661.000000       0.978218
    20662.000000       0.978097
    20663.000000       0.977978
    20664.000000       0.977860
    20665.000000       0.977742
    20666.000000       0.977626
    20667.000000       0.977512
    20668.000000       0.977398
    20669.000000       0.977287
    20670.000000       0.977176
    20671.000000       0.977068
    20672.000000       0.976961
    20673.000000       0.976856
    20674.000000       0.976753
    20675.000000       0.976652
    20676.000000       0.976553
    20677.000000       0.976457
    20678.000000       0.976363
    20679.000000       0.976271
    20680.000000       0.976181
    20681.000000       0.976095
    20682.000000       0.976011
    20683.000000       0.975929
    20684.000000       0.975851
    20685.000000       0.975775
    20686.000000       0.975703
    20687.000000       0.975634
    20688.000000       0.975568
    20689.000000       0.975505
    20690.000000       0.975446
    20691.000000       0.975390
    20692.000000       0.975338
    20693.000000       0.975289
    20694.000000       0.975244
    20695.000000       0.975203
    20696.000000       0.975166
    20697.000000       0.975133
    20698.000000       0.975105
    20699.000000       0.975080
    20700.000000       0.975060
    20701.000000       0.975044
    20702.000000       0.975033
    20703.000000       0.975026
    20704.000000       0.975024
    20705.000000       0.975024
    20706.000000       0.975025
    20707.000000       0.975027
    20708.000000       0.975029
    20709.000000       0.975032
    20710.000000       0.975035
    20711.000000       0.975038
    20712.000000       0.975042
    20713.000000       0.975046
    20714.000000       0.975051
    20715.000000       0.975056
    20716.000000       0.975061
    20717.000000       0.975066
    20718.000000       0.975072
    20719.000000       0.975078
    20720.000000       0.975084
    20721.000000       0.975090
    20722.000000       0.975096
    20723.000000       0.975102
    20724.000000       0.975109
    20725.000000       0.975115
    20726.000000       0.975121
    20727.000000       0.975127
    20728.000000       0.975133
    20729.000000       0.975138
    20730.000000       0.975144
    20731.000000       0.975149
    20732.000000       0.975154
    20733.000000       0.975159
    20734.000000       0.975164
    20735.000000       0.975168
    20736.000000       0.975171
    20737.000000       0.975175
    20738.000000       0.975177
    20739.000000       0.975180
    20740.000000       0.975182
    20741.000000       0.975183
    20742.000000       0.975184
    20743.000000       0.975175
    20744.000000       0.975097
    20745.000000       0.974957
    20746.000000       0.974783
    20747.000000       0.974601
    20748.000000       0.974408
    20749.000000       0.974189
    20750.000000       0.973947
    20751.000000       0.973681
    20752.000000       0.973392
    20753.000000       0.973082
    20754.000000       0.972751
    20755.000000       0.972400
    20756.000000       0.972030
    20757.000000       0.971642
    20758.000000       0.971235
    20759.000000       0.970812
    20760.000000       0.970373
    20761.000000       0.969918
    20762.000000       0.969450
    20763.000000       0.968967
    20764.000000       0.968472
    20765.000000       0.967964
    20766.000000       0.967446
    20767.000000       0.966917
    20768.000000       0.966378
    20769.000000       0.965830
    20770.000000       0.965275
    20771.000000       0.964712
    20772.000000       0.964143
    20773.000000       0.963568
    20774.000000       0.962988
    20775.000000       0.962404
    20776.000000       0.961817
    20777.000000       0.961227
    20778.000000       0.960636
    20779.000000       0.960044
    20780.000000       0.959452
    20781.000000       0.958860
    20782.000000       0.958262
    20783.000000       0.957630
    20784.000000       0.956963
    20785.000000       0.956265
    20786.000000       0.955538
    20787.000000       0.954786
    20788.000000       0.954011
    20789.000000       0.953216
    20790.000000       0.952405
    20791.000000       0.951572
    20792.000000       0.950710
    20793.000000       0.949821
    20794.000000       0.948906
    20795.000000       0.947968
    20796.000000       0.947008
    20797.000000       0.946027
    20798.000000       0.945029
    20799.000000       0.944014
    20800.000000       0.942984
    20801.000000       0.941941
    20802.000000       0.940887
    20803.000000       0.939823
    20804.000000       0.938751
    20805.000000       0.937674
    20806.000000       0.936592
    20807.000000       0.935508
    20808.000000       0.934423
    20809.000000       0.933338
    20810.000000       0.932257
    20811.000000       0.931180
    20812.000000       0.930110
    20813.000000       0.929047
    20814.000000       0.927994
    20815.000000       0.926953
    20816.000000       0.925924
    20817.000000       0.924911
    20818.000000       0.923915
    20819.000000       0.922937
    20820.000000       0.921979
    20821.000000       0.921037
    20822.000000       0.920097
    20823.000000       0.919158
    20824.000000       0.918224
    20825.000000       0.917296
    20826.000000       0.916376
    20827.000000       0.915467
    20828.000000       0.914570
    20829.000000       0.913687
    20830.000000       0.912821
    20831.000000       0.911974
    20832.000000       0.911147
    20833.000000       0.910344
    20834.000000       0.909554
    20835.000000       0.908744
    20836.000000       0.907913
    20837.000000       0.907067
    20838.000000       0.906206
    20839.000000       0.905336
    20840.000000       0.904458
    20841.000000       0.903576
    20842.000000       0.902693
    20843.000000       0.901813
    20844.000000       0.900939
    20845.000000       0.900073
    20846.000000       0.899219
    20847.000000       0.898381
    20848.000000       0.897560
    20849.000000       0.896762
    20850.000000       0.895988
    20851.000000       0.895241
    20852.000000       0.894526
    20853.000000       0.893845
    20854.000000       0.893201
    20855.000000       0.892598
    20856.000000       0.892038
    20857.000000       0.891526
    20858.000000       0.891063
    20859.000000       0.890653
    20860.000000       0.890300
    20861.000000       0.890006
    20862.000000       0.889775
    20863.000000       0.889610
    20864.000000       0.889511
    20865.000000       0.889435
    20866.000000       0.889362
    20867.000000       0.889292
    20868.000000       0.889227
    20869.000000       0.889167
    20870.000000       0.889112
    20871.000000       0.889062
    20872.000000       0.889019
    20873.000000       0.888984
    20874.000000       0.888955
    20875.000000       0.888935
    20876.000000       0.888922
    20877.000000       0.888920
    20878.000000       0.888939
    20879.000000       0.888988
    20880.000000       0.889063
    20881.000000       0.889165
    20882.000000       0.889291
    20883.000000       0.889442
    20884.000000       0.889615
    20885.000000       0.889810
    20886.000000       0.890025
    20887.000000       0.890260
    20888.000000       0.890514
    20889.000000       0.890784
    20890.000000       0.891070
    20891.000000       0.891372
    20892.000000       0.891687
    20893.000000       0.892015
    20894.000000       0.892354
    20895.000000       0.892704
    20896.000000       0.893063
    20897.000000       0.893431
    20898.000000       0.893805
    20899.000000       0.894186
    20900.000000       0.894571
    20901.000000       0.894960
    20902.000000       0.895352
    20903.000000       0.895745
    20904.000000       0.896166
    20905.000000       0.896641
    20906.000000       0.897166
    20907.000000       0.897737
    20908.000000       0.898351
    20909.000000       0.899004
    20910.000000       0.899693
    20911.000000       0.900414
    20912.000000       0.901164
    20913.000000       0.901939
    20914.000000       0.902736
    20915.000000       0.903551
    20916.000000       0.904381
    20917.000000       0.905222
    20918.000000       0.906070
    20919.000000       0.906922
    20920.000000       0.907775
    20921.000000       0.908630
    20922.000000       0.909516
    20923.000000       0.910437
    20924.000000       0.911388
    20925.000000       0.912369
    20926.000000       0.913377
    20927.000000       0.914410
    20928.000000       0.915465
    20929.000000       0.916541
    20930.000000       0.917633
    20931.000000       0.918742
    20932.000000       0.919863
    20933.000000       0.920995
    20934.000000       0.922136
    20935.000000       0.923283
    20936.000000       0.924433
    20937.000000       0.925585
    20938.000000       0.926736
    20939.000000       0.927884
    20940.000000       0.929027
    20941.000000       0.930162
    20942.000000       0.931287
    20943.000000       0.932407
    20944.000000       0.933549
    20945.000000       0.934715
    20946.000000       0.935899
    20947.000000       0.937100
    20948.000000       0.938314
    20949.000000       0.939537
    20950.000000       0.940767
    20951.000000       0.941999
    20952.000000       0.943231
    20953.000000       0.944460
    20954.000000       0.945681
    20955.000000       0.946893
    20956.000000       0.948090
    20957.000000       0.949271
    20958.000000       0.950432
    20959.000000       0.951569
    20960.000000       0.952679
    20961.000000       0.953760
    20962.000000       0.954807
    20963.000000       0.955817
    20964.000000       0.956788
    20965.000000       0.957727
    20966.000000       0.958672
    20967.000000       0.959621
    20968.000000       0.960570
    20969.000000       0.961513
    20970.000000       0.962446
    20971.000000       0.963364
    20972.000000       0.964262
    20973.000000       0.965136
    20974.000000       0.965980
    20975.000000       0.966789
    20976.000000       0.967559
    20977.000000       0.968285
    20978.000000       0.968962
    20979.000000       0.969586
    20980.000000       0.970150
    20981.000000       0.970651
    20982.000000       0.971084
    20983.000000       0.971480
    20984.000000       0.971868
    20985.000000       0.972248
    20986.000000       0.972618
    20987.000000       0.972980
    20988.000000       0.973331
    20989.000000       0.973673
    20990.000000       0.974004
    20991.000000       0.974325
    20992.000000       0.974635
    20993.000000       0.974933
    20994.000000       0.975220
    20995.000000       0.975494
    20996.000000       0.975756
    20997.000000       0.976005
    20998.000000       0.976241
    20999.000000       0.976464
    21000.000000       0.976672
    21001.000000       0.976866
    21002.000000       0.977046
    21003.000000       0.977210
    21004.000000       0.977360
    21005.000000       0.977493
    21006.000000       0.977611
    21007.000000       0.977712
    21008.000000       0.977796
    21009.000000       0.977866
    21010.000000       0.977933
    21011.000000       0.977998
    21012.000000       0.978062
    21013.000000       0.978123
    21014.000000       0.978181
    21015.000000       0.978236
    21016.000000       0.978288
    21017.000000       0.978337
    21018.000000       0.978381
    21019.000000       0.978422
    21020.000000       0.978458
    21021.000000       0.978490
    21022.000000       0.978516
    21023.000000       0.978537
    21024.000000       0.978553
    21025.000000       0.978563
    21026.000000       0.978566
    21027.000000       0.978541
    21028.000000       0.978459
    21029.000000       0.978324
    21030.000000       0.978138
    21031.000000       0.977906
    21032.000000       0.977631
    21033.000000       0.977317
    21034.000000       0.976966
    21035.000000       0.976583
    21036.000000       0.976170
    21037.000000       0.975732
    21038.000000       0.975271
    21039.000000       0.974791
    21040.000000       0.974296
    21041.000000       0.973789
    21042.000000       0.973273
    21043.000000       0.972752
    21044.000000       0.972229
    21045.000000       0.971708
    21046.000000       0.971192
    21047.000000       0.970684
    21048.000000       0.970189
    21049.000000       0.969708
    21050.000000       0.969247
    21051.000000       0.968807
    21052.000000       0.968393
    21053.000000       0.968005
    21054.000000       0.967610
    21055.000000       0.967203
    21056.000000       0.966788
    21057.000000       0.966370
    21058.000000       0.965953
    21059.000000       0.965541
    21060.000000       0.965139
    21061.000000       0.964751
    21062.000000       0.964382
    21063.000000       0.964035
    21064.000000       0.963716
    21065.000000       0.963428
    21066.000000       0.963175
    21067.000000       0.962945
    21068.000000       0.962722
    21069.000000       0.962508
    21070.000000       0.962301
    21071.000000       0.962100
    21072.000000       0.961907
    21073.000000       0.961720
    21074.000000       0.961539
    21075.000000       0.961364
    21076.000000       0.961194
    21077.000000       0.961029
    21078.000000       0.960869
    21079.000000       0.960713
    21080.000000       0.960561
    21081.000000       0.960413
    21082.000000       0.960268
    21083.000000       0.960126
    21084.000000       0.959987
    21085.000000       0.959850
    21086.000000       0.959715
    21087.000000       0.959581
    21088.000000       0.959449
    21089.000000       0.959318
    21090.000000       0.959188
    21091.000000       0.959058
    21092.000000       0.958927
    21093.000000       0.958797
    21094.000000       0.958665
    21095.000000       0.958533
    21096.000000       0.958399
    21097.000000       0.958263
    21098.000000       0.958118
    21099.000000       0.957957
    21100.000000       0.957791
    21101.000000       0.957627
    21102.000000       0.957474
    21103.000000       0.957341
    21104.000000       0.957236
    21105.000000       0.957167
    21106.000000       0.957144
    21107.000000       0.957161
    21108.000000       0.957208
    21109.000000       0.957284
    21110.000000       0.957387
    21111.000000       0.957515
    21112.000000       0.957669
    21113.000000       0.957846
    21114.000000       0.958046
    21115.000000       0.958266
    21116.000000       0.958506
    21117.000000       0.958765
    21118.000000       0.959040
    21119.000000       0.959331
    21120.000000       0.959637
    21121.000000       0.959956
    21122.000000       0.960287
    21123.000000       0.960628
    21124.000000       0.960979
    21125.000000       0.961338
    21126.000000       0.961704
    21127.000000       0.962075
    21128.000000       0.962450
    21129.000000       0.962829
    21130.000000       0.963209
    21131.000000       0.963590
    21132.000000       0.963969
    21133.000000       0.964347
    21134.000000       0.964721
    21135.000000       0.965091
    21136.000000       0.965454
    21137.000000       0.965810
    21138.000000       0.966158
    21139.000000       0.966496
    21140.000000       0.966823
    21141.000000       0.967138
    21142.000000       0.967441
    21143.000000       0.967749
    21144.000000       0.968061
    21145.000000       0.968372
    21146.000000       0.968676
    21147.000000       0.968977
    21148.000000       0.969288
    21149.000000       0.969610
    21150.000000       0.969941
    21151.000000       0.970280
    21152.000000       0.970626
    21153.000000       0.970978
    21154.000000       0.971336
    21155.000000       0.971698
    21156.000000       0.972064
    21157.000000       0.972432
    21158.000000       0.972801
    21159.000000       0.973171
    21160.000000       0.973541
    21161.000000       0.973909
    21162.000000       0.974275
    21163.000000       0.974637
    21164.000000       0.974996
    21165.000000       0.975349
    21166.000000       0.975696
    21167.000000       0.976036
    21168.000000       0.976367
    21169.000000       0.976690
    21170.000000       0.977003
    21171.000000       0.977305
    21172.000000       0.977595
    21173.000000       0.977872
    21174.000000       0.978135
    21175.000000       0.978384
    21176.000000       0.978617
    21177.000000       0.978834
    21178.000000       0.979032
    21179.000000       0.979213
    21180.000000       0.979374
    21181.000000       0.979514
    21182.000000       0.979634
    21183.000000       0.979731
    21184.000000       0.979804
    21185.000000       0.979854
    21186.000000       0.979878
    21187.000000       0.979876
    21188.000000       0.979850
    21189.000000       0.979807
    21190.000000       0.979754
    21191.000000       0.979700
    21192.000000       0.979646
    21193.000000       0.979587
    21194.000000       0.979524
    21195.000000       0.979456
    21196.000000       0.979385
    21197.000000       0.979310
    21198.000000       0.979231
    21199.000000       0.979148
    21200.000000       0.979061
    21201.000000       0.978971
    21202.000000       0.978877
    21203.000000       0.978779
    21204.000000       0.978678
    21205.000000       0.978573
    21206.000000       0.978465
    21207.000000       0.978354
    21208.000000       0.978239
    21209.000000       0.978122
    21210.000000       0.978001
    21211.000000       0.977877
    21212.000000       0.977750
    21213.000000       0.977620
    21214.000000       0.977487
    21215.000000       0.977351
    21216.000000       0.977212
    21217.000000       0.977071
    21218.000000       0.976927
    21219.000000       0.976781
    21220.000000       0.976632
    21221.000000       0.976481
    21222.000000       0.976327
    21223.000000       0.976171
    21224.000000       0.976012
    21225.000000       0.975852
    21226.000000       0.975689
    21227.000000       0.975524
    21228.000000       0.975357
    21229.000000       0.975188
    21230.000000       0.975017
    21231.000000       0.974845
    21232.000000       0.974668
    21233.000000       0.974478
    21234.000000       0.974274
    21235.000000       0.974056
    21236.000000       0.973825
    21237.000000       0.973581
    21238.000000       0.973327
    21239.000000       0.973061
    21240.000000       0.972785
    21241.000000       0.972499
    21242.000000       0.972204
    21243.000000       0.971900
    21244.000000       0.971589
    21245.000000       0.971271
    21246.000000       0.970946
    21247.000000       0.970616
    21248.000000       0.970280
    21249.000000       0.969940
    21250.000000       0.969596
    21251.000000       0.969248
    21252.000000       0.968898
    21253.000000       0.968546
    21254.000000       0.968193
    21255.000000       0.967838
    21256.000000       0.967484
    21257.000000       0.967131
    21258.000000       0.966778
    21259.000000       0.966428
    21260.000000       0.966080
    21261.000000       0.965735
    21262.000000       0.965394
    21263.000000       0.965057
    21264.000000       0.964725
    21265.000000       0.964399
    21266.000000       0.964079
    21267.000000       0.963766
    21268.000000       0.963461
    21269.000000       0.963164
    21270.000000       0.962876
    21271.000000       0.962597
    21272.000000       0.962329
    21273.000000       0.962073
    21274.000000       0.961828
    21275.000000       0.961590
    21276.000000       0.961354
    21277.000000       0.961116
    21278.000000       0.960876
    21279.000000       0.960637
    21280.000000       0.960397
    21281.000000       0.960157
    21282.000000       0.959918
    21283.000000       0.959678
    21284.000000       0.959439
    21285.000000       0.959200
    21286.000000       0.958961
    21287.000000       0.958722
    21288.000000       0.958483
    21289.000000       0.958245
    21290.000000       0.958007
    21291.000000       0.957769
    21292.000000       0.957532
    21293.000000       0.957295
    21294.000000       0.957059
    21295.000000       0.956823
    21296.000000       0.956587
    21297.000000       0.956352
    21298.000000       0.956118
    21299.000000       0.955884
    21300.000000       0.955651
    21301.000000       0.955418
    21302.000000       0.955187
    21303.000000       0.954956
    21304.000000       0.954725
    21305.000000       0.954496
    21306.000000       0.954267
    21307.000000       0.954039
    21308.000000       0.953812
    21309.000000       0.953586
    21310.000000       0.953361
    21311.000000       0.953137
    21312.000000       0.952914
    21313.000000       0.952692
    21314.000000       0.952472
    21315.000000       0.952253
    21316.000000       0.952037
    21317.000000       0.951822
    21318.000000       0.951609
    21319.000000       0.951397
    21320.000000       0.951186
    21321.000000       0.950975
    21322.000000       0.950765
    21323.000000       0.950556
    21324.000000       0.950349
    21325.000000       0.950143
    21326.000000       0.949938
    21327.000000       0.949735
    21328.000000       0.949532
    21329.000000       0.949331
    21330.000000       0.949131
    21331.000000       0.948931
    21332.000000       0.948732
    21333.000000       0.948533
    21334.000000       0.948335
    21335.000000       0.948136
    21336.000000       0.947938
    21337.000000       0.947740
    21338.000000       0.947542
    21339.000000       0.947343
    21340.000000       0.947144
    21341.000000       0.946944
    21342.000000       0.946744
    21343.000000       0.946543
    21344.000000       0.946341
    21345.000000       0.946137
    21346.000000       0.945933
    21347.000000       0.945727
    21348.000000       0.945520
    21349.000000       0.945311
    21350.000000       0.945101
    21351.000000       0.944889
    21352.000000       0.944674
    21353.000000       0.944458
    21354.000000       0.944239
    21355.000000       0.944018
    21356.000000       0.943794
    21357.000000       0.943566
    21358.000000       0.943337
    21359.000000       0.943105
    21360.000000       0.942872
    21361.000000       0.942636
    21362.000000       0.942400
    21363.000000       0.942163
    21364.000000       0.941925
    21365.000000       0.941687
    21366.000000       0.941449
    21367.000000       0.941212
    21368.000000       0.940975
    21369.000000       0.940740
    21370.000000       0.940507
    21371.000000       0.940275
    21372.000000       0.940045
    21373.000000       0.939815
    21374.000000       0.939587
    21375.000000       0.939358
    21376.000000       0.939130
    21377.000000       0.938902
    21378.000000       0.938673
    21379.000000       0.938443
    21380.000000       0.938212
    21381.000000       0.937980
    21382.000000       0.937746
    21383.000000       0.937511
    21384.000000       0.937273
    21385.000000       0.937032
    21386.000000       0.936789
    21387.000000       0.936543
    21388.000000       0.936293
    21389.000000       0.936040
    21390.000000       0.935783
    21391.000000       0.935522
    21392.000000       0.935256
    21393.000000       0.934985
    21394.000000       0.934709
    21395.000000       0.934428
    21396.000000       0.934141
    21397.000000       0.933847
    21398.000000       0.933548
    21399.000000       0.933242
    21400.000000       0.932931
    21401.000000       0.932614
    21402.000000       0.932291
    21403.000000       0.931963
    21404.000000       0.931630
    21405.000000       0.931292
    21406.000000       0.930950
    21407.000000       0.930602
    21408.000000       0.930250
    21409.000000       0.929894
    21410.000000       0.929534
    21411.000000       0.929169
    21412.000000       0.928801
    21413.000000       0.928429
    21414.000000       0.928053
    21415.000000       0.927674
    21416.000000       0.927290
    21417.000000       0.926902
    21418.000000       0.926510
    21419.000000       0.926113
    21420.000000       0.925712
    21421.000000       0.925306
    21422.000000       0.924895
    21423.000000       0.924478
    21424.000000       0.924057
    21425.000000       0.923629
    21426.000000       0.923197
    21427.000000       0.922758
    21428.000000       0.922314
    21429.000000       0.921863
    21430.000000       0.921406
    21431.000000       0.920943
    21432.000000       0.920473
    21433.000000       0.919997
    21434.000000       0.919513
    21435.000000       0.919023
    21436.000000       0.918525
    21437.000000       0.918015
    21438.000000       0.917480
    21439.000000       0.916923
    21440.000000       0.916346
    21441.000000       0.915752
    21442.000000       0.915142
    21443.000000       0.914519
    21444.000000       0.913885
    21445.000000       0.913243
    21446.000000       0.912595
    21447.000000       0.911943
    21448.000000       0.911290
    21449.000000       0.910638
    21450.000000       0.909989
    21451.000000       0.909346
    21452.000000       0.908711
    21453.000000       0.908086
    21454.000000       0.907474
    21455.000000       0.906877
    21456.000000       0.906297
    21457.000000       0.905736
    21458.000000       0.905198
    21459.000000       0.904683
    21460.000000       0.904185
    21461.000000       0.903679
    21462.000000       0.903172
    21463.000000       0.902665
    21464.000000       0.902164
    21465.000000       0.901674
    21466.000000       0.901197
    21467.000000       0.900740
    21468.000000       0.900305
    21469.000000       0.899897
    21470.000000       0.899521
    21471.000000       0.899181
    21472.000000       0.898881
    21473.000000       0.898625
    21474.000000       0.898398
    21475.000000       0.898179
    21476.000000       0.897968
    21477.000000       0.897763
    21478.000000       0.897566
    21479.000000       0.897375
    21480.000000       0.897190
    21481.000000       0.897012
    21482.000000       0.896840
    21483.000000       0.896674
    21484.000000       0.896513
    21485.000000       0.896357
    21486.000000       0.896207
    21487.000000       0.896062
    21488.000000       0.895921
    21489.000000       0.895785
    21490.000000       0.895653
    21491.000000       0.895525
    21492.000000       0.895401
    21493.000000       0.895280
    21494.000000       0.895163
    21495.000000       0.895050
    21496.000000       0.894939
    21497.000000       0.894830
    21498.000000       0.894725
    21499.000000       0.894621
    21500.000000       0.894520
    21501.000000       0.894421
    21502.000000       0.894323
    21503.000000       0.894227
    21504.000000       0.894132
    21505.000000       0.894037
    21506.000000       0.893943
    21507.000000       0.893842
    21508.000000       0.893740
    21509.000000       0.893639
    21510.000000       0.893545
    21511.000000       0.893461
    21512.000000       0.893391
    21513.000000       0.893339
    21514.000000       0.893309
    21515.000000       0.893306
    21516.000000       0.893332
    21517.000000       0.893388
    21518.000000       0.893470
    21519.000000       0.893578
    21520.000000       0.893710
    21521.000000       0.893864
    21522.000000       0.894038
    21523.000000       0.894231
    21524.000000       0.894441
    21525.000000       0.894666
    21526.000000       0.894905
    21527.000000       0.895157
    21528.000000       0.895418
    21529.000000       0.895688
    21530.000000       0.895965
    21531.000000       0.896247
    21532.000000       0.896533
    21533.000000       0.896821
    21534.000000       0.897109
    21535.000000       0.897396
    21536.000000       0.897679
    21537.000000       0.897958
    21538.000000       0.898230
    21539.000000       0.898494
    21540.000000       0.898749
    21541.000000       0.898992
    21542.000000       0.899221
    21543.000000       0.899436
    21544.000000       0.899635
    21545.000000       0.899815
    21546.000000       0.899976
    21547.000000       0.900115
    21548.000000       0.900231
    21549.000000       0.900322
    21550.000000       0.900387
    21551.000000       0.900423
    21552.000000       0.900431
    21553.000000       0.900429
    21554.000000       0.900425
    21555.000000       0.900420
    21556.000000       0.900414
    21557.000000       0.900406
    21558.000000       0.900391
    21559.000000       0.900368
    21560.000000       0.900337
    21561.000000       0.900299
    21562.000000       0.900254
    21563.000000       0.900201
    21564.000000       0.900142
    21565.000000       0.900076
    21566.000000       0.900003
    21567.000000       0.899924
    21568.000000       0.899838
    21569.000000       0.899747
    21570.000000       0.899649
    21571.000000       0.899546
    21572.000000       0.899436
    21573.000000       0.899322
    21574.000000       0.899202
    21575.000000       0.899076
    21576.000000       0.898946
    21577.000000       0.898811
    21578.000000       0.898671
    21579.000000       0.898526
    21580.000000       0.898377
    21581.000000       0.898224
    21582.000000       0.898066
    21583.000000       0.897905
    21584.000000       0.897739
    21585.000000       0.897570
    21586.000000       0.897398
    21587.000000       0.897222
    21588.000000       0.897043
    21589.000000       0.896861
    21590.000000       0.896675
    21591.000000       0.896488
    21592.000000       0.896297
    21593.000000       0.896104
    21594.000000       0.895909
    21595.000000       0.895712
    21596.000000       0.895513
    21597.000000       0.895312
    21598.000000       0.895109
    21599.000000       0.894897
    21600.000000       0.894658
    21601.000000       0.894392
    21602.000000       0.894100
    21603.000000       0.893782
    21604.000000       0.893440
    21605.000000       0.893075
    21606.000000       0.892689
    21607.000000       0.892281
    21608.000000       0.891853
    21609.000000       0.891406
    21610.000000       0.890942
    21611.000000       0.890460
    21612.000000       0.889964
    21613.000000       0.889452
    21614.000000       0.888927
    21615.000000       0.888389
    21616.000000       0.887840
    21617.000000       0.887280
    21618.000000       0.886711
    21619.000000       0.886133
    21620.000000       0.885548
    21621.000000       0.884957
    21622.000000       0.884361
    21623.000000       0.883760
    21624.000000       0.883157
    21625.000000       0.882551
    21626.000000       0.881944
    21627.000000       0.881337
    21628.000000       0.880732
    21629.000000       0.880128
    21630.000000       0.879527
    21631.000000       0.878931
    21632.000000       0.878340
    21633.000000       0.877755
    21634.000000       0.877177
    21635.000000       0.876608
    21636.000000       0.876048
    21637.000000       0.875499
    21638.000000       0.874960
    21639.000000       0.874435
    21640.000000       0.873923
    21641.000000       0.873423
    21642.000000       0.872928
    21643.000000       0.872435
    21644.000000       0.871939
    21645.000000       0.871436
    21646.000000       0.870930
    21647.000000       0.870422
    21648.000000       0.869913
    21649.000000       0.869404
    21650.000000       0.868894
    21651.000000       0.868383
    21652.000000       0.867872
    21653.000000       0.867359
    21654.000000       0.866846
    21655.000000       0.866331
    21656.000000       0.865816
    21657.000000       0.865300
    21658.000000       0.864783
    21659.000000       0.864266
    21660.000000       0.863747
    21661.000000       0.863228
    21662.000000       0.862707
    21663.000000       0.862186
    21664.000000       0.861664
    21665.000000       0.861141
    21666.000000       0.860617
    21667.000000       0.860092
    21668.000000       0.859566
    21669.000000       0.859039
    21670.000000       0.858511
    21671.000000       0.857982
    21672.000000       0.857453
    21673.000000       0.856922
    21674.000000       0.856390
    21675.000000       0.855857
    21676.000000       0.855324
    21677.000000       0.854789
    21678.000000       0.854253
    21679.000000       0.853716
    21680.000000       0.853179
    21681.000000       0.852640
    21682.000000       0.852100
    21683.000000       0.851559
    21684.000000       0.851016
    21685.000000       0.850471
    21686.000000       0.849923
    21687.000000       0.849372
    21688.000000       0.848818
    21689.000000       0.848261
    21690.000000       0.847700
    21691.000000       0.847135
    21692.000000       0.846565
    21693.000000       0.845996
    21694.000000       0.845431
    21695.000000       0.844868
    21696.000000       0.844308
    21697.000000       0.843750
    21698.000000       0.843192
    21699.000000       0.842635
    21700.000000       0.842078
    21701.000000       0.841520
    21702.000000       0.840960
    21703.000000       0.840398
    21704.000000       0.839834
    21705.000000       0.839265
    21706.000000       0.838693
    21707.000000       0.838116
    21708.000000       0.837533
    21709.000000       0.836945
    21710.000000       0.836349
    21711.000000       0.835747
    21712.000000       0.835136
    21713.000000       0.834517
    21714.000000       0.833888
    21715.000000       0.833250
    21716.000000       0.832600
    21717.000000       0.831940
    21718.000000       0.831268
    21719.000000       0.830583
    21720.000000       0.829885
    21721.000000       0.829168
    21722.000000       0.828417
    21723.000000       0.827636
    21724.000000       0.826828
    21725.000000       0.825997
    21726.000000       0.825146
    21727.000000       0.824278
    21728.000000       0.823397
    21729.000000       0.822507
    21730.000000       0.821610
    21731.000000       0.820710
    21732.000000       0.819812
    21733.000000       0.818917
    21734.000000       0.818029
    21735.000000       0.817153
    21736.000000       0.816290
    21737.000000       0.815446
    21738.000000       0.814623
    21739.000000       0.813824
    21740.000000       0.813037
    21741.000000       0.812242
    21742.000000       0.811438
    21743.000000       0.810629
    21744.000000       0.809817
    21745.000000       0.809003
    21746.000000       0.808190
    21747.000000       0.807380
    21748.000000       0.806575
    21749.000000       0.805777
    21750.000000       0.804989
    21751.000000       0.804212
    21752.000000       0.803448
    21753.000000       0.802700
    21754.000000       0.801970
    21755.000000       0.801260
    21756.000000       0.800571
    21757.000000       0.799907
    21758.000000       0.799269
    21759.000000       0.798659
    21760.000000       0.798079
    21761.000000       0.797532
    21762.000000       0.797020
    21763.000000       0.796544
    21764.000000       0.796091
    21765.000000       0.795656
    21766.000000       0.795237
    21767.000000       0.794833
    21768.000000       0.794443
    21769.000000       0.794066
    21770.000000       0.793701
    21771.000000       0.793347
    21772.000000       0.793003
    21773.000000       0.792668
    21774.000000       0.792341
    21775.000000       0.792021
    21776.000000       0.791707
    21777.000000       0.791398
    21778.000000       0.791093
    21779.000000       0.790791
    21780.000000       0.790491
    21781.000000       0.790191
    21782.000000       0.789892
    21783.000000       0.789592
    21784.000000       0.789289
    21785.000000       0.788983
    21786.000000       0.788674
    21787.000000       0.788357
    21788.000000       0.788018
    21789.000000       0.787660
    21790.000000       0.787287
    21791.000000       0.786904
    21792.000000       0.786515
    21793.000000       0.786125
    21794.000000       0.785738
    21795.000000       0.785358
    21796.000000       0.784991
    21797.000000       0.784640
    21798.000000       0.784310
    21799.000000       0.784006
    21800.000000       0.783732
    21801.000000       0.783493
    21802.000000       0.783292
    21803.000000       0.783136
    21804.000000       0.783027
    21805.000000       0.782970
    21806.000000       0.782967
    21807.000000       0.782997
    21808.000000       0.783057
    21809.000000       0.783143
    21810.000000       0.783257
    21811.000000       0.783395
    21812.000000       0.783556
    21813.000000       0.783740
    21814.000000       0.783945
    21815.000000       0.784169
    21816.000000       0.784411
    21817.000000       0.784670
    21818.000000       0.784945
    21819.000000       0.785234
    21820.000000       0.785536
    21821.000000       0.785850
    21822.000000       0.786173
    21823.000000       0.786506
    21824.000000       0.786846
    21825.000000       0.787192
    21826.000000       0.787543
    21827.000000       0.787898
    21828.000000       0.788255
    21829.000000       0.788613
    21830.000000       0.788971
    21831.000000       0.789326
    21832.000000       0.789679
    21833.000000       0.790027
    21834.000000       0.790370
    21835.000000       0.790722
    21836.000000       0.791103
    21837.000000       0.791510
    21838.000000       0.791938
    21839.000000       0.792384
    21840.000000       0.792845
    21841.000000       0.793317
    21842.000000       0.793797
    21843.000000       0.794281
    21844.000000       0.794765
    21845.000000       0.795246
    21846.000000       0.795720
    21847.000000       0.796184
    21848.000000       0.796634
    21849.000000       0.797076
    21850.000000       0.797536
    21851.000000       0.798017
    21852.000000       0.798515
    21853.000000       0.799029
    21854.000000       0.799556
    21855.000000       0.800094
    21856.000000       0.800641
    21857.000000       0.801195
    21858.000000       0.801753
    21859.000000       0.802314
    21860.000000       0.802875
    21861.000000       0.803434
    21862.000000       0.803989
    21863.000000       0.804538
    21864.000000       0.805078
    21865.000000       0.805607
    21866.000000       0.806124
    21867.000000       0.806626
    21868.000000       0.807110
    21869.000000       0.807575
    21870.000000       0.808018
    21871.000000       0.808438
    21872.000000       0.808832
    21873.000000       0.809198
    21874.000000       0.809534
    21875.000000       0.809837
    21876.000000       0.810106
    21877.000000       0.810338
    21878.000000       0.810531
    21879.000000       0.810684
    21880.000000       0.810793
    21881.000000       0.810857
    21882.000000       0.810874
    21883.000000       0.810858
    21884.000000       0.810819
    21885.000000       0.810762
    21886.000000       0.810687
    21887.000000       0.810599
    21888.000000       0.810499
    21889.000000       0.810390
    21890.000000       0.810276
    21891.000000       0.810159
    21892.000000       0.810035
    21893.000000       0.809886
    21894.000000       0.809708
    21895.000000       0.809504
    21896.000000       0.809273
    21897.000000       0.809018
    21898.000000       0.808739
    21899.000000       0.808438
    21900.000000       0.808115
    21901.000000       0.807771
    21902.000000       0.807409
    21903.000000       0.807028
    21904.000000       0.806630
    21905.000000       0.806216
    21906.000000       0.805787
    21907.000000       0.805345
    21908.000000       0.804889
    21909.000000       0.804422
    21910.000000       0.803945
    21911.000000       0.803457
    21912.000000       0.802962
    21913.000000       0.802459
    21914.000000       0.801950
    21915.000000       0.801435
    21916.000000       0.800917
    21917.000000       0.800396
    21918.000000       0.799872
    21919.000000       0.799348
    21920.000000       0.798824
    21921.000000       0.798302
    21922.000000       0.797781
    21923.000000       0.797265
    21924.000000       0.796753
    21925.000000       0.796246
    21926.000000       0.795746
    21927.000000       0.795255
    21928.000000       0.794771
    21929.000000       0.794298
    21930.000000       0.793837
    21931.000000       0.793400
    21932.000000       0.792969
    21933.000000       0.792506
    21934.000000       0.791977
    21935.000000       0.791349
    21936.000000       0.790638
    21937.000000       0.789854
    21938.000000       0.788999
    21939.000000       0.788076
    21940.000000       0.787088
    21941.000000       0.786036
    21942.000000       0.784924
    21943.000000       0.783753
    21944.000000       0.782526
    21945.000000       0.781246
    21946.000000       0.779914
    21947.000000       0.778533
    21948.000000       0.777106
    21949.000000       0.775635
    21950.000000       0.774123
    21951.000000       0.772571
    21952.000000       0.770982
    21953.000000       0.769358
    21954.000000       0.767703
    21955.000000       0.766018
    21956.000000       0.764305
    21957.000000       0.762568
    21958.000000       0.760808
    21959.000000       0.759027
    21960.000000       0.757229
    21961.000000       0.755416
    21962.000000       0.753589
    21963.000000       0.751752
    21964.000000       0.749907
    21965.000000       0.748055
    21966.000000       0.746200
    21967.000000       0.744344
    21968.000000       0.742488
    21969.000000       0.740637
    21970.000000       0.738791
    21971.000000       0.736954
    21972.000000       0.735127
    21973.000000       0.733313
    21974.000000       0.731514
    21975.000000       0.729734
    21976.000000       0.727973
    21977.000000       0.726234
    21978.000000       0.724521
    21979.000000       0.722798
    21980.000000       0.721029
    21981.000000       0.719216
    21982.000000       0.717362
    21983.000000       0.715470
    21984.000000       0.713544
    21985.000000       0.711584
    21986.000000       0.709596
    21987.000000       0.707580
    21988.000000       0.705540
    21989.000000       0.703479
    21990.000000       0.701400
    21991.000000       0.699305
    21992.000000       0.697198
    21993.000000       0.695080
    21994.000000       0.692955
    21995.000000       0.690826
    21996.000000       0.688694
    21997.000000       0.686564
    21998.000000       0.684438
    21999.000000       0.682319
    22000.000000       0.680209
    22001.000000       0.678111
    22002.000000       0.676028
    22003.000000       0.673963
    22004.000000       0.671918
    22005.000000       0.669897
    22006.000000       0.667901
    22007.000000       0.665935
    22008.000000       0.664000
    22009.000000       0.662099
    22010.000000       0.660236
    22011.000000       0.658412
    22012.000000       0.656632
    22013.000000       0.654896
    22014.000000       0.653209
    22015.000000       0.651572
    22016.000000       0.649989
    22017.000000       0.648463
    22018.000000       0.646996
    22019.000000       0.645590
    22020.000000       0.644250
    22021.000000       0.642976
    22022.000000       0.641778
    22023.000000       0.640683
    22024.000000       0.639679
    22025.000000       0.638743
    22026.000000       0.637851
    22027.000000       0.636979
    22028.000000       0.636116
    22029.000000       0.635262
    22030.000000       0.634416
    22031.000000       0.633579
    22032.000000       0.632749
    22033.000000       0.631928
    22034.000000       0.631114
    22035.000000       0.630307
    22036.000000       0.629508
    22037.000000       0.628717
    22038.000000       0.627932
    22039.000000       0.627154
    22040.000000       0.626383
    22041.000000       0.625619
    22042.000000       0.624861
    22043.000000       0.624110
    22044.000000       0.623364
    22045.000000       0.622625
    22046.000000       0.621891
    22047.000000       0.621163
    22048.000000       0.620441
    22049.000000       0.619724
    22050.000000       0.619012
    22051.000000       0.618305
    22052.000000       0.617603
    22053.000000       0.616906
    22054.000000       0.616213
    22055.000000       0.615525
    22056.000000       0.614841
    22057.000000       0.614161
    22058.000000       0.613485
    22059.000000       0.612812
    22060.000000       0.612144
    22061.000000       0.611479
    22062.000000       0.610817
    22063.000000       0.610158
    22064.000000       0.609503
    22065.000000       0.608850
    22066.000000       0.608200
    22067.000000       0.607552
    22068.000000       0.606907
    22069.000000       0.606264
    22070.000000       0.605623
    22071.000000       0.604984
    22072.000000       0.604347
    22073.000000       0.603711
    22074.000000       0.603077
    22075.000000       0.602444
    22076.000000       0.601818
    22077.000000       0.601208
    22078.000000       0.600615
    22079.000000       0.600041
    22080.000000       0.599490
    22081.000000       0.598953
    22082.000000       0.598422
    22083.000000       0.597897
    22084.000000       0.597379
    22085.000000       0.596866
    22086.000000       0.596360
    22087.000000       0.595858
    22088.000000       0.595362
    22089.000000       0.594870
    22090.000000       0.594383
    22091.000000       0.593901
    22092.000000       0.593422
    22093.000000       0.592948
    22094.000000       0.592476
    22095.000000       0.592009
    22096.000000       0.591544
    22097.000000       0.591082
    22098.000000       0.590622
    22099.000000       0.590165
    22100.000000       0.589710
    22101.000000       0.589256
    22102.000000       0.588805
    22103.000000       0.588354
    22104.000000       0.587904
    22105.000000       0.587455
    22106.000000       0.587007
    22107.000000       0.586558
    22108.000000       0.586110
    22109.000000       0.585661
    22110.000000       0.585212
    22111.000000       0.584762
    22112.000000       0.584311
    22113.000000       0.583859
    22114.000000       0.583405
    22115.000000       0.582949
    22116.000000       0.582492
    22117.000000       0.582032
    22118.000000       0.581569
    22119.000000       0.581103
    22120.000000       0.580635
    22121.000000       0.580163
    22122.000000       0.579687
    22123.000000       0.579208
    22124.000000       0.578724
    22125.000000       0.578242
    22126.000000       0.577764
    22127.000000       0.577291
    22128.000000       0.576821
    22129.000000       0.576354
    22130.000000       0.575891
    22131.000000       0.575430
    22132.000000       0.574971
    22133.000000       0.574515
    22134.000000       0.574060
    22135.000000       0.573605
    22136.000000       0.573152
    22137.000000       0.572699
    22138.000000       0.572246
    22139.000000       0.571792
    22140.000000       0.571338
    22141.000000       0.570883
    22142.000000       0.570426
    22143.000000       0.569967
    22144.000000       0.569506
    22145.000000       0.569042
    22146.000000       0.568575
    22147.000000       0.568104
    22148.000000       0.567630
    22149.000000       0.567151
    22150.000000       0.566668
    22151.000000       0.566180
    22152.000000       0.565687
    22153.000000       0.565188
    22154.000000       0.564683
    22155.000000       0.564171
    22156.000000       0.563653
    22157.000000       0.563127
    22158.000000       0.562594
    22159.000000       0.562053
    22160.000000       0.561503
    22161.000000       0.560945
    22162.000000       0.560378
    22163.000000       0.559801
    22164.000000       0.559214
    22165.000000       0.558617
    22166.000000       0.558010
    22167.000000       0.557391
    22168.000000       0.556761
    22169.000000       0.556113
    22170.000000       0.555427
    22171.000000       0.554687
    22172.000000       0.553873
    22173.000000       0.552971
    22174.000000       0.551996
    22175.000000       0.550972
    22176.000000       0.549901
    22177.000000       0.548784
    22178.000000       0.547622
    22179.000000       0.546416
    22180.000000       0.545168
    22181.000000       0.543878
    22182.000000       0.542548
    22183.000000       0.541178
    22184.000000       0.539771
    22185.000000       0.538328
    22186.000000       0.536849
    22187.000000       0.535336
    22188.000000       0.533789
    22189.000000       0.532211
    22190.000000       0.530602
    22191.000000       0.528964
    22192.000000       0.527297
    22193.000000       0.525604
    22194.000000       0.523884
    22195.000000       0.522139
    22196.000000       0.520371
    22197.000000       0.518581
    22198.000000       0.516770
    22199.000000       0.514938
    22200.000000       0.513088
    22201.000000       0.511220
    22202.000000       0.509335
    22203.000000       0.507435
    22204.000000       0.505521
    22205.000000       0.503594
    22206.000000       0.501656
    22207.000000       0.499707
    22208.000000       0.497748
    22209.000000       0.495781
    22210.000000       0.493808
    22211.000000       0.491828
    22212.000000       0.489844
    22213.000000       0.487856
    22214.000000       0.485866
    22215.000000       0.483874
    22216.000000       0.481883
    22217.000000       0.479893
    22218.000000       0.477905
    22219.000000       0.475920
    22220.000000       0.473941
    22221.000000       0.471967
    22222.000000       0.470000
    22223.000000       0.468030
    22224.000000       0.466031
    22225.000000       0.464004
    22226.000000       0.461950
    22227.000000       0.459870
    22228.000000       0.457764
    22229.000000       0.455634
    22230.000000       0.453481
    22231.000000       0.451305
    22232.000000       0.449108
    22233.000000       0.446891
    22234.000000       0.444654
    22235.000000       0.442399
    22236.000000       0.440127
    22237.000000       0.437838
    22238.000000       0.435534
    22239.000000       0.433215
    22240.000000       0.430883
    22241.000000       0.428538
    22242.000000       0.426182
    22243.000000       0.423815
    22244.000000       0.421439
    22245.000000       0.419054
    22246.000000       0.416662
    22247.000000       0.414263
    22248.000000       0.411858
    22249.000000       0.409449
    22250.000000       0.407036
    22251.000000       0.404620
    22252.000000       0.402203
    22253.000000       0.399784
    22254.000000       0.397366
    22255.000000       0.394950
    22256.000000       0.392535
    22257.000000       0.390124
    22258.000000       0.387709
    22259.000000       0.385288
    22260.000000       0.382857
    22261.000000       0.380414
    22262.000000       0.377959
    22263.000000       0.375489
    22264.000000       0.373002
    22265.000000       0.370496
    22266.000000       0.367970
    22267.000000       0.365421
    22268.000000       0.362849
    22269.000000       0.360250
    22270.000000       0.357623
    22271.000000       0.354967
    22272.000000       0.352279
    22273.000000       0.349551
    22274.000000       0.346784
    22275.000000       0.343979
    22276.000000       0.341137
    22277.000000       0.338261
    22278.000000       0.335352
    22279.000000       0.332412
    22280.000000       0.329444
    22281.000000       0.326448
    22282.000000       0.323427
    22283.000000       0.320383
    22284.000000       0.317317
    22285.000000       0.314231
    22286.000000       0.311128
    22287.000000       0.308008
    22288.000000       0.304874
    22289.000000       0.301727
    22290.000000       0.298570
    22291.000000       0.295404
    22292.000000       0.292231
    22293.000000       0.289053
    22294.000000       0.285872
    22295.000000       0.282689
    22296.000000       0.279506
    22297.000000       0.276326
    22298.000000       0.273149
    22299.000000       0.269979
    22300.000000       0.266815
    22301.000000       0.263661
    22302.000000       0.260519
    22303.000000       0.257389
    22304.000000       0.254274
    22305.000000       0.251176
    22306.000000       0.248097
    22307.000000       0.245037
    22308.000000       0.242000
    22309.000000       0.238987
    22310.000000       0.235999
    22311.000000       0.233039
    22312.000000       0.230108
    22313.000000       0.227208
    22314.000000       0.224341
    22315.000000       0.221509
    22316.000000       0.218713
    22317.000000       0.215956
    22318.000000       0.213238
    22319.000000       0.210563
    22320.000000       0.207931
    22321.000000       0.205345
    22322.000000       0.202801
    22323.000000       0.200278
    22324.000000       0.197774
    22325.000000       0.195291
    22326.000000       0.192830
    22327.000000       0.190391
    22328.000000       0.187978
    22329.000000       0.185589
    22330.000000       0.183228
    22331.000000       0.180895
    22332.000000       0.178592
    22333.000000       0.176319
    22334.000000       0.174079
    22335.000000       0.171872
    22336.000000       0.169699
    22337.000000       0.167562
    22338.000000       0.165463
    22339.000000       0.163401
    22340.000000       0.161380
    22341.000000       0.159399
    22342.000000       0.157457
    22343.000000       0.155536
    22344.000000       0.153636
    22345.000000       0.151757
    22346.000000       0.149898
    22347.000000       0.148059
    22348.000000       0.146239
    22349.000000       0.144440
    22350.000000       0.142659
    22351.000000       0.140898
    22352.000000       0.139156
    22353.000000       0.137433
    22354.000000       0.135729
    22355.000000       0.134043
    22356.000000       0.132375
    22357.000000       0.130726
    22358.000000       0.129094
    22359.000000       0.127480
    22360.000000       0.125883
    22361.000000       0.124304
    22362.000000       0.122742
    22363.000000       0.121197
    22364.000000       0.119669
    22365.000000       0.118157
    22366.000000       0.116661
    22367.000000       0.115182
    22368.000000       0.113719
    22369.000000       0.112271
    22370.000000       0.110839
    22371.000000       0.109423
    22372.000000       0.108020
    22373.000000       0.106624
    22374.000000       0.105235
    22375.000000       0.103852
    22376.000000       0.102476
    22377.000000       0.101108
    22378.000000       0.099746
    22379.000000       0.098392
    22380.000000       0.097045
    22381.000000       0.095706
    22382.000000       0.094375
    22383.000000       0.093051
    22384.000000       0.091735
    22385.000000       0.090428
    22386.000000       0.089128
    22387.000000       0.087838
    22388.000000       0.086555
    22389.000000       0.085282
    22390.000000       0.084017
    22391.000000       0.082761
    22392.000000       0.081514
    22393.000000       0.080276
    22394.000000       0.079048
    22395.000000       0.077829
    22396.000000       0.076620
    22397.000000       0.075421
    22398.000000       0.074231
    22399.000000       0.073052
    22400.000000       0.071882
    22401.000000       0.070723
    22402.000000       0.069575
    22403.000000       0.068437
    22404.000000       0.067310
    22405.000000       0.066193
    22406.000000       0.065088
    22407.000000       0.063994
    22408.000000       0.062911
    22409.000000       0.061839
    22410.000000       0.060779
    22411.000000       0.059730
    22412.000000       0.058694
    22413.000000       0.057669
    22414.000000       0.056656
    22415.000000       0.055656
    22416.000000       0.054668
    22417.000000       0.053692
    22418.000000       0.052729
    22419.000000       0.051779
    22420.000000       0.050842
    22421.000000       0.049917
    22422.000000       0.049010
    22423.000000       0.048146
    22424.000000       0.047326
    22425.000000       0.046543
    22426.000000       0.045793
    22427.000000       0.045068
    22428.000000       0.044347
    22429.000000       0.043627
    22430.000000       0.042908
    22431.000000       0.042191
    22432.000000       0.041475
    22433.000000       0.040762
    22434.000000       0.040051
    22435.000000       0.039342
    22436.000000       0.038637
    22437.000000       0.037934
    22438.000000       0.037236
    22439.000000       0.036541
    22440.000000       0.035850
    22441.000000       0.035163
    22442.000000       0.034482
    22443.000000       0.033805
    22444.000000       0.033134
    22445.000000       0.032468
    22446.000000       0.031808
    22447.000000       0.031154
    22448.000000       0.030506
    22449.000000       0.029865
    22450.000000       0.029232
    22451.000000       0.028605
    22452.000000       0.027986
    22453.000000       0.027375
    22454.000000       0.026773
    22455.000000       0.026178
    22456.000000       0.025593
    22457.000000       0.025016
    22458.000000       0.024449
    22459.000000       0.023891
    22460.000000       0.023344
    22461.000000       0.022806
    22462.000000       0.022279
    22463.000000       0.021763
    22464.000000       0.021257
    22465.000000       0.020763
    22466.000000       0.020281
    22467.000000       0.019811
    22468.000000       0.019353
    22469.000000       0.018907
    22470.000000       0.018474
    22471.000000       0.018054
    22472.000000       0.017647
    22473.000000       0.017255
    22474.000000       0.016877
    22475.000000       0.016513
    22476.000000       0.016164
    22477.000000       0.015830
    22478.000000       0.015509
    22479.000000       0.015204
    22480.000000       0.014913
    22481.000000       0.014636
    22482.000000       0.014374
    22483.000000       0.014121
    22484.000000       0.013872
    22485.000000       0.013626
    22486.000000       0.013383
    22487.000000       0.013144
    22488.000000       0.012908
    22489.000000       0.012676
    22490.000000       0.012447
    22491.000000       0.012221
    22492.000000       0.011998
    22493.000000       0.011779
    22494.000000       0.011563
    22495.000000       0.011350
    22496.000000       0.011141
    22497.000000       0.010934
    22498.000000       0.010731
    22499.000000       0.010531
    22500.000000       0.010334
    22501.000000       0.010140
    22502.000000       0.009949
    22503.000000       0.009761
    22504.000000       0.009576
    22505.000000       0.009393
    22506.000000       0.009214
    22507.000000       0.009038
    22508.000000       0.008865
    22509.000000       0.008694
    22510.000000       0.008527
    22511.000000       0.008362
    22512.000000       0.008200
    22513.000000       0.008041
    22514.000000       0.007884
    22515.000000       0.007730
    22516.000000       0.007579
    22517.000000       0.007431
    22518.000000       0.007285
    22519.000000       0.007142
    22520.000000       0.007001
    22521.000000       0.006863
    22522.000000       0.006728
    22523.000000       0.006595
    22524.000000       0.006466
    22525.000000       0.006340
    22526.000000       0.006217
    22527.000000       0.006098
    22528.000000       0.005982
    22529.000000       0.005869
    22530.000000       0.005760
    22531.000000       0.005653
    22532.000000       0.005549
    22533.000000       0.005448
    22534.000000       0.005350
    22535.000000       0.005254
    22536.000000       0.005161
    22537.000000       0.005070
    22538.000000       0.004981
    22539.000000       0.004894
    22540.000000       0.004807
    22541.000000       0.004722
    22542.000000       0.004637
    22543.000000       0.004553
    22544.000000       0.004471
    22545.000000       0.004389
    22546.000000       0.004308
    22547.000000       0.004228
    22548.000000       0.004149
    22549.000000       0.004071
    22550.000000       0.003994
    22551.000000       0.003918
    22552.000000       0.003843
    22553.000000       0.003769
    22554.000000       0.003696
    22555.000000       0.003624
    22556.000000       0.003553
    22557.000000       0.003483
    22558.000000       0.003414
    22559.000000       0.003346
    22560.000000       0.003280
    22561.000000       0.003214
    22562.000000       0.003150
    22563.000000       0.003086
    22564.000000       0.003024
    22565.000000       0.002963
    22566.000000       0.002903
    22567.000000       0.002844
    22568.000000       0.002787
    22569.000000       0.002730
    22570.000000       0.002675
    22571.000000       0.002621
    22572.000000       0.002568
    22573.000000       0.002516
    22574.000000       0.002466
    22575.000000       0.002417
    22576.000000       0.002368
    22577.000000       0.002321
    22578.000000       0.002276
    22579.000000       0.002231
    22580.000000       0.002188
    22581.000000       0.002145
    22582.000000       0.002104
    22583.000000       0.002064
    22584.000000       0.002026
    22585.000000       0.001988
    22586.000000       0.001952
    22587.000000       0.001916
    22588.000000       0.001882
    22589.000000       0.001849
    22590.000000       0.001817
    22591.000000       0.001785
    22592.000000       0.001753
    22593.000000       0.001722
    22594.000000       0.001691
    22595.000000       0.001660
    22596.000000       0.001630
    22597.000000       0.001601
    22598.000000       0.001571
    22599.000000       0.001543
    22600.000000       0.001514
    22601.000000       0.001486
    22602.000000       0.001458
    22603.000000       0.001431
    22604.000000       0.001404
    22605.000000       0.001378
    22606.000000       0.001352
    22607.000000       0.001326
    22608.000000       0.001301
    22609.000000       0.001276
    22610.000000       0.001251
    22611.000000       0.001227
    22612.000000       0.001204
    22613.000000       0.001181
    22614.000000       0.001158
    22615.000000       0.001136
    22616.000000       0.001114
    22617.000000       0.001092
    22618.000000       0.001071
    22619.000000       0.001050
    22620.000000       0.001030
    22621.000000       0.001010
    22622.000000       0.000991
