 3    ,MSG-2 NIR 1.6 data from EUM-MSG-TEN-06-0010 MSG_SEVIRI_Spectral_Response_Characterisation.XLT
Number of data points:
46
Wavenumber (cm-1)   Filter response
     5707.762600       0.001233
     5726.065000       0.002078
     5744.485300       0.003845
     5763.024400       0.007055
     5781.683600       0.013355
     5800.464000       0.026821
     5819.366900       0.055856
     5838.393300       0.120435
     5857.544500       0.253363
     5876.821800       0.475154
     5896.226400       0.711046
     5915.759600       0.868725
     5935.422600       0.945671
     5955.216800       0.981124
     5975.143400       0.999049
     5995.203800       0.996848
     6015.399400       0.998094
     6035.731500       1.000000
     6056.201600       0.999081
     6076.810900       0.992541
     6097.561000       0.983975
     6118.453300       0.976954
     6139.489200       0.974570
     6160.670300       0.977218
     6181.998000       0.985817
     6203.473900       0.989757
     6225.099600       0.985314
     6246.876600       0.975072
     6268.806400       0.969402
     6290.890800       0.969766
     6313.131300       0.916167
     6335.529700       0.678726
     6358.087500       0.352003
     6380.806500       0.150023
     6403.688500       0.065317
     6426.735200       0.030675
     6449.948400       0.015638
     6473.329900       0.008614
     6496.881500       0.005347
     6520.605100       0.003631
     6544.502600       0.002447
     6568.575900       0.001898
     6592.827000       0.001389
     6617.257800       0.001157
     6641.870400       0.001189
     6666.666700       0.001254
