  10  ,noaa_06_hirs_10.flt
Number of data points:
33
Wavenumber (cm-1)   Filter response
     1164.900000       0.000000
     1172.000000       0.003977
     1179.400000       0.015777
     1182.000000       0.026402
     1184.400000       0.056552
     1187.000000       0.131980
     1188.300000       0.223980
     1189.500000       0.336750
     1192.600000       0.820070
     1194.100000       0.940740
     1195.800000       0.970230
     1196.900000       0.933540
     1199.500000       0.827170
     1202.400000       0.760830
     1206.700000       0.807920
     1210.100000       0.886640
     1212.600000       0.945360
     1215.600000       0.981540
     1218.900000       1.000000
     1223.500000       0.990330
     1229.400000       0.965630
     1235.200000       0.930800
     1239.500000       0.890620
     1242.500000       0.838200
     1248.300000       0.650170
     1251.400000       0.548780
     1256.200000       0.417940
     1258.700000       0.319860
     1260.700000       0.207490
     1264.100000       0.082045
     1266.400000       0.035718
     1270.500000       0.013701
     1295.200000       0.000000
