7,    channel 7 SRF extracted from SRF_FY-4A_AGRI.zip (3.5.txt) (received April 2018)
Number of data points:
268
Wavenumber (cm-1)   Filter response
     2223.704700       0.002132
     2226.179900       0.002875
     2228.660600       0.001754
     2231.146800       0.001525
     2233.638600       0.002586
     2236.136000       0.002846
     2238.638900       0.001701
     2241.147500       0.002213
     2243.661700       0.001958
     2246.181500       0.003338
     2248.707000       0.001521
     2251.238200       0.001962
     2253.775100       0.002149
     2256.317700       0.002268
     2258.866000       0.002693
     2261.420200       0.001658
     2263.980100       0.002218
     2266.545800       0.002063
     2269.117300       0.002663
     2271.694700       0.002326
     2274.277900       0.002792
     2276.867000       0.002988
     2279.462000       0.002407
     2282.063000       0.002826
     2284.669900       0.002764
     2287.282700       0.001808
     2289.901500       0.002753
     2292.526400       0.003037
     2295.157200       0.001921
     2297.794100       0.001861
     2300.437100       0.001722
     2303.086100       0.003085
     2305.741300       0.002140
     2308.402600       0.002227
     2311.070000       0.002634
     2313.743600       0.002094
     2316.423400       0.002533
     2319.109500       0.001608
     2321.801700       0.001982
     2324.500200       0.002389
     2327.205000       0.001892
     2329.916100       0.001997
     2332.633500       0.002460
     2335.357300       0.001886
     2338.087400       0.002086
     2340.824000       0.002539
     2343.566900       0.003571
     2346.316300       0.001867
     2349.072100       0.001611
     2351.834400       0.001816
     2354.603200       0.002587
     2357.378600       0.001803
     2360.160500       0.002223
     2362.949000       0.004009
     2365.744000       0.002151
     2368.545700       0.001850
     2371.354000       0.001670
     2374.169000       0.002312
     2376.990700       0.002582
     2379.819100       0.001896
     2382.654300       0.002639
     2385.496200       0.002317
     2388.344900       0.002415
     2391.200400       0.003085
     2394.062700       0.002771
     2396.931900       0.003663
     2399.808000       0.003745
     2402.691000       0.002917
     2405.580900       0.003902
     2408.477800       0.003975
     2411.381700       0.004085
     2414.292600       0.004267
     2417.210500       0.005209
     2420.135500       0.005750
     2423.067600       0.006899
     2426.006800       0.007012
     2428.953100       0.007371
     2431.906600       0.008974
     2434.867300       0.009347
     2437.835200       0.010208
     2440.810300       0.011297
     2443.792800       0.012882
     2446.782500       0.015336
     2449.779500       0.016447
     2452.783900       0.018838
     2455.795700       0.023556
     2458.814900       0.026228
     2461.841500       0.029466
     2464.875500       0.033725
     2467.917100       0.039793
     2470.966100       0.046056
     2474.022800       0.053771
     2477.086900       0.063325
     2480.158700       0.073812
     2483.238100       0.084715
     2486.325200       0.099551
     2489.420000       0.114029
     2492.522400       0.135394
     2495.632600       0.155012
     2498.750600       0.177971
     2501.876400       0.201387
     2505.010000       0.224717
     2508.151500       0.254201
     2511.300900       0.287907
     2514.458100       0.315766
     2517.623400       0.349648
     2520.796600       0.382070
     2523.977800       0.411620
     2527.167000       0.449183
     2530.364400       0.484839
     2533.569800       0.517603
     2536.783400       0.549301
     2540.005100       0.581102
     2543.235000       0.615767
     2546.473100       0.647703
     2549.719500       0.668462
     2552.974200       0.692691
     2556.237200       0.715357
     2559.508600       0.742516
     2562.788300       0.763751
     2566.076500       0.776884
     2569.373100       0.788163
     2572.678200       0.803775
     2575.991800       0.819041
     2579.313900       0.830077
     2582.644600       0.847689
     2585.984000       0.848644
     2589.332000       0.855909
     2592.688600       0.868023
     2596.054000       0.869267
     2599.428100       0.894047
     2602.811000       0.894159
     2606.202800       0.882564
     2609.603300       0.897361
     2613.012800       0.906425
     2616.431200       0.907381
     2619.858500       0.908340
     2623.294900       0.909332
     2626.740200       0.911031
     2630.194600       0.931781
     2633.658200       0.915669
     2637.130800       0.922402
     2640.612600       0.932717
     2644.103600       0.923652
     2647.603900       0.931427
     2651.113500       0.935917
     2654.632300       0.924632
     2658.160600       0.930435
     2661.698200       0.925105
     2665.245200       0.936460
     2668.801700       0.942423
     2672.367700       0.936987
     2675.943300       0.938802
     2679.528400       0.947213
     2683.123200       0.947142
     2686.727600       0.952922
     2690.341700       0.952497
     2693.965500       0.952092
     2697.599100       0.960167
     2701.242600       0.961901
     2704.895900       0.969129
     2708.559000       0.968299
     2712.232200       0.963483
     2715.915300       0.969595
     2719.608400       0.972723
     2723.311500       0.976787
     2727.024800       0.981873
     2730.748200       0.979190
     2734.481800       0.977185
     2738.225600       0.987730
     2741.979700       0.974426
     2745.744100       0.981323
     2749.518800       0.978999
     2753.304000       0.980960
     2757.099500       0.992589
     2760.905600       0.994652
     2764.722100       0.986275
     2768.549300       0.986200
     2772.387000       0.991332
     2776.235400       0.988607
     2780.094500       0.992203
     2783.964400       1.000000
     2787.845000       0.997715
     2791.736500       0.995674
     2795.638800       0.989165
     2799.552100       0.980649
     2803.476300       0.964991
     2807.411600       0.951613
     2811.357900       0.933718
     2815.315300       0.910530
     2819.283900       0.876224
     2823.263700       0.829028
     2827.254700       0.774235
     2831.257100       0.722068
     2835.270800       0.665304
     2839.295900       0.599750
     2843.332400       0.522311
     2847.380400       0.455131
     2851.440000       0.394462
     2855.511100       0.341209
     2859.593900       0.294935
     2863.688400       0.251607
     2867.794700       0.218066
     2871.912700       0.184251
     2876.042600       0.158575
     2880.184300       0.131751
     2884.338000       0.113548
     2888.503800       0.097153
     2892.681500       0.081817
     2896.871400       0.070172
     2901.073400       0.061071
     2905.287600       0.052294
     2909.514100       0.045908
     2913.752900       0.038637
     2918.004100       0.033404
     2922.267700       0.029316
     2926.543800       0.026580
     2930.832400       0.022912
     2935.133500       0.020216
     2939.447400       0.017994
     2943.773900       0.015912
     2948.113200       0.013564
     2952.465300       0.012653
     2956.830300       0.011327
     2961.208200       0.009733
     2965.599100       0.008472
     2970.003000       0.008480
     2974.420000       0.007636
     2978.850200       0.006795
     2983.293600       0.006314
     2987.750200       0.005655
     2992.220200       0.006123
     2996.703600       0.005709
     3001.200500       0.004854
     3005.710900       0.004379
     3010.234800       0.003976
     3014.772400       0.003566
     3019.323700       0.005170
     3023.888700       0.003989
     3028.467600       0.004687
     3033.060400       0.002751
     3037.667100       0.003133
     3042.287800       0.002839
     3046.922600       0.003696
     3051.571600       0.002679
     3056.234700       0.002367
     3060.912200       0.003416
     3065.603900       0.002167
     3070.310100       0.002372
     3075.030800       0.002599
     3079.765900       0.002750
     3084.515700       0.001897
     3089.280200       0.002202
     3094.059400       0.001984
     3098.853400       0.002470
     3103.662300       0.001948
     3108.486200       0.002003
     3113.325000       0.001525
     3118.179000       0.002695
     3123.048100       0.001801
     3127.932400       0.002633
     3132.832100       0.002707
     3137.747100       0.003298
     3142.677600       0.001865
     3147.623500       0.002009
     3152.585100       0.002592
     3157.562400       0.002411
     3162.555300       0.001494
