  15  ,metop_02_hirs_15.flt
Number of data points:
612
Wavenumber (cm-1)   Filter response
     2207.100000       0.000000
     2207.200000       0.008329
     2207.300000       0.008386
     2207.400000       0.008441
     2207.500000       0.008495
     2207.600000       0.008546
     2207.700000       0.008594
     2207.800000       0.008640
     2207.900000       0.008683
     2208.000000       0.008723
     2208.100000       0.008759
     2208.200000       0.008791
     2208.300000       0.008819
     2208.400000       0.008844
     2208.500000       0.008863
     2208.600000       0.008879
     2208.700000       0.008891
     2208.800000       0.008898
     2208.900000       0.008900
     2209.000000       0.008899
     2209.100000       0.008893
     2209.200000       0.008883
     2209.300000       0.008869
     2209.400000       0.008851
     2209.500000       0.008831
     2209.600000       0.008807
     2209.700000       0.008780
     2209.800000       0.008750
     2209.900000       0.008719
     2210.000000       0.008686
     2210.100000       0.008652
     2210.200000       0.008617
     2210.300000       0.008583
     2210.400000       0.008548
     2210.500000       0.008515
     2210.600000       0.008483
     2210.700000       0.008454
     2210.800000       0.008427
     2210.900000       0.008404
     2211.000000       0.008385
     2211.100000       0.008371
     2211.200000       0.008362
     2211.300000       0.008359
     2211.400000       0.008362
     2211.500000       0.008373
     2211.600000       0.008391
     2211.700000       0.008417
     2211.800000       0.008452
     2211.900000       0.008496
     2212.000000       0.008549
     2212.100000       0.008612
     2212.200000       0.008686
     2212.300000       0.008770
     2212.400000       0.008865
     2212.500000       0.008970
     2212.600000       0.009088
     2212.700000       0.009216
     2212.800000       0.009356
     2212.900000       0.009507
     2213.000000       0.009670
     2213.100000       0.009844
     2213.200000       0.010030
     2213.300000       0.010226
     2213.400000       0.010434
     2213.500000       0.010652
     2213.600000       0.010881
     2213.700000       0.011120
     2213.800000       0.011369
     2213.900000       0.011627
     2214.000000       0.011894
     2214.100000       0.012170
     2214.200000       0.012455
     2214.300000       0.012747
     2214.400000       0.013046
     2214.500000       0.013353
     2214.600000       0.013666
     2214.700000       0.013985
     2214.800000       0.014310
     2214.900000       0.014640
     2215.000000       0.014975
     2215.100000       0.015315
     2215.200000       0.015658
     2215.300000       0.016006
     2215.400000       0.016357
     2215.500000       0.016712
     2215.600000       0.017070
     2215.700000       0.017431
     2215.800000       0.017796
     2215.900000       0.018163
     2216.000000       0.018533
     2216.100000       0.018906
     2216.200000       0.019282
     2216.300000       0.019662
     2216.400000       0.020046
     2216.500000       0.020434
     2216.600000       0.020826
     2216.700000       0.021224
     2216.800000       0.021628
     2216.900000       0.022038
     2217.000000       0.022455
     2217.100000       0.022880
     2217.200000       0.023315
     2217.300000       0.023759
     2217.400000       0.024215
     2217.500000       0.024683
     2217.600000       0.025164
     2217.700000       0.025661
     2217.800000       0.026174
     2217.900000       0.026706
     2218.000000       0.027257
     2218.100000       0.027830
     2218.200000       0.028426
     2218.300000       0.029047
     2218.400000       0.029696
     2218.500000       0.030375
     2218.600000       0.031086
     2218.700000       0.031831
     2218.800000       0.032612
     2218.900000       0.033434
     2219.000000       0.034297
     2219.100000       0.035205
     2219.200000       0.036161
     2219.300000       0.037168
     2219.400000       0.038229
     2219.500000       0.039347
     2219.600000       0.040526
     2219.700000       0.041769
     2219.800000       0.043080
     2219.900000       0.044462
     2220.000000       0.045920
     2220.100000       0.047459
     2220.200000       0.049082
     2220.300000       0.050793
     2220.400000       0.052595
     2220.500000       0.054493
     2220.600000       0.056492
     2220.700000       0.058596
     2220.800000       0.060810
     2220.900000       0.063138
     2221.000000       0.065586
     2221.100000       0.068157
     2221.200000       0.070857
     2221.300000       0.073691
     2221.400000       0.076663
     2221.500000       0.079780
     2221.600000       0.083044
     2221.700000       0.086463
     2221.800000       0.090039
     2221.900000       0.093779
     2222.000000       0.097688
     2222.100000       0.101770
     2222.200000       0.106020
     2222.300000       0.110460
     2222.400000       0.115080
     2222.500000       0.119900
     2222.600000       0.124900
     2222.700000       0.130110
     2222.800000       0.135520
     2222.900000       0.141140
     2223.000000       0.146960
     2223.100000       0.153000
     2223.200000       0.159250
     2223.300000       0.165720
     2223.400000       0.172400
     2223.500000       0.179310
     2223.600000       0.186440
     2223.700000       0.193790
     2223.800000       0.201360
     2223.900000       0.209160
     2224.000000       0.217180
     2224.100000       0.225420
     2224.200000       0.233880
     2224.300000       0.242570
     2224.400000       0.251460
     2224.500000       0.260570
     2224.600000       0.269890
     2224.700000       0.279420
     2224.800000       0.289150
     2224.900000       0.299080
     2225.000000       0.309190
     2225.100000       0.319500
     2225.200000       0.329980
     2225.300000       0.340640
     2225.400000       0.351460
     2225.500000       0.362440
     2225.600000       0.373560
     2225.700000       0.384830
     2225.800000       0.396220
     2225.900000       0.407730
     2226.000000       0.419360
     2226.100000       0.431070
     2226.200000       0.442870
     2226.300000       0.454740
     2226.400000       0.466680
     2226.500000       0.478670
     2226.600000       0.490710
     2226.700000       0.502760
     2226.800000       0.514840
     2226.900000       0.526910
     2227.000000       0.538980
     2227.100000       0.551020
     2227.200000       0.563020
     2227.300000       0.574980
     2227.400000       0.586870
     2227.500000       0.598690
     2227.600000       0.610420
     2227.700000       0.622050
     2227.800000       0.633570
     2227.900000       0.644960
     2228.000000       0.656230
     2228.100000       0.667350
     2228.200000       0.678310
     2228.300000       0.689100
     2228.400000       0.699720
     2228.500000       0.710150
     2228.600000       0.720390
     2228.700000       0.730420
     2228.800000       0.740230
     2228.900000       0.749830
     2229.000000       0.759200
     2229.100000       0.768330
     2229.200000       0.777230
     2229.300000       0.785880
     2229.400000       0.794280
     2229.500000       0.802430
     2229.600000       0.810320
     2229.700000       0.817960
     2229.800000       0.825330
     2229.900000       0.832450
     2230.000000       0.839310
     2230.100000       0.845950
     2230.200000       0.852330
     2230.300000       0.858460
     2230.400000       0.864340
     2230.500000       0.869960
     2230.600000       0.875340
     2230.700000       0.880480
     2230.800000       0.885370
     2230.900000       0.890040
     2231.000000       0.894470
     2231.100000       0.898690
     2231.200000       0.902690
     2231.300000       0.906470
     2231.400000       0.910060
     2231.500000       0.913450
     2231.600000       0.916660
     2231.700000       0.919680
     2231.800000       0.922540
     2231.900000       0.925230
     2232.000000       0.927770
     2232.100000       0.930150
     2232.200000       0.932400
     2232.300000       0.934510
     2232.400000       0.936510
     2232.500000       0.938390
     2232.600000       0.940170
     2232.700000       0.941850
     2232.800000       0.943440
     2232.900000       0.944940
     2233.000000       0.946380
     2233.100000       0.947750
     2233.200000       0.949060
     2233.300000       0.950320
     2233.400000       0.951530
     2233.500000       0.952690
     2233.600000       0.953830
     2233.700000       0.954930
     2233.800000       0.956010
     2233.900000       0.957070
     2234.000000       0.958110
     2234.100000       0.959130
     2234.200000       0.960140
     2234.300000       0.961140
     2234.400000       0.962140
     2234.500000       0.963130
     2234.600000       0.964130
     2234.700000       0.965140
     2234.800000       0.966140
     2234.900000       0.967150
     2235.000000       0.968170
     2235.100000       0.969190
     2235.200000       0.970220
     2235.300000       0.971250
     2235.400000       0.972280
     2235.500000       0.973320
     2235.600000       0.974370
     2235.700000       0.975420
     2235.800000       0.976460
     2235.900000       0.977510
     2236.000000       0.978560
     2236.100000       0.979610
     2236.200000       0.980670
     2236.300000       0.981710
     2236.400000       0.982740
     2236.500000       0.983770
     2236.600000       0.984780
     2236.700000       0.985770
     2236.800000       0.986750
     2236.900000       0.987710
     2237.000000       0.988640
     2237.100000       0.989550
     2237.200000       0.990420
     2237.300000       0.991270
     2237.400000       0.992100
     2237.500000       0.992890
     2237.600000       0.993650
     2237.700000       0.994370
     2237.800000       0.995070
     2237.900000       0.995720
     2238.000000       0.996340
     2238.100000       0.996880
     2238.200000       0.997370
     2238.300000       0.997830
     2238.400000       0.998250
     2238.500000       0.998620
     2238.600000       0.998950
     2238.700000       0.999240
     2238.800000       0.999480
     2238.900000       0.999680
     2239.000000       0.999830
     2239.100000       0.999930
     2239.200000       0.999990
     2239.300000       1.000000
     2239.400000       0.999960
     2239.500000       0.999870
     2239.600000       0.999730
     2239.700000       0.999540
     2239.800000       0.999290
     2239.900000       0.998990
     2240.000000       0.998630
     2240.100000       0.998230
     2240.200000       0.997770
     2240.300000       0.997250
     2240.400000       0.996660
     2240.500000       0.996020
     2240.600000       0.995300
     2240.700000       0.994520
     2240.800000       0.993670
     2240.900000       0.992740
     2241.000000       0.991740
     2241.100000       0.990660
     2241.200000       0.989500
     2241.300000       0.988260
     2241.400000       0.986920
     2241.500000       0.985490
     2241.600000       0.983970
     2241.700000       0.982340
     2241.800000       0.980610
     2241.900000       0.978770
     2242.000000       0.976820
     2242.100000       0.974790
     2242.200000       0.972630
     2242.300000       0.970340
     2242.400000       0.967930
     2242.500000       0.965370
     2242.600000       0.962680
     2242.700000       0.959840
     2242.800000       0.956850
     2242.900000       0.953710
     2243.000000       0.950400
     2243.100000       0.946940
     2243.200000       0.943300
     2243.300000       0.939490
     2243.400000       0.935510
     2243.500000       0.931340
     2243.600000       0.926990
     2243.700000       0.922460
     2243.800000       0.917730
     2243.900000       0.912800
     2244.000000       0.907680
     2244.100000       0.902340
     2244.200000       0.896800
     2244.300000       0.891060
     2244.400000       0.885100
     2244.500000       0.878950
     2244.600000       0.872580
     2244.700000       0.866010
     2244.800000       0.859230
     2244.900000       0.852230
     2245.000000       0.845030
     2245.100000       0.837620
     2245.200000       0.830010
     2245.300000       0.822190
     2245.400000       0.814180
     2245.500000       0.805980
     2245.600000       0.797590
     2245.700000       0.789000
     2245.800000       0.780220
     2245.900000       0.771250
     2246.000000       0.762100
     2246.100000       0.752780
     2246.200000       0.743280
     2246.300000       0.733610
     2246.400000       0.723790
     2246.500000       0.713820
     2246.600000       0.703700
     2246.700000       0.693430
     2246.800000       0.683040
     2246.900000       0.672520
     2247.000000       0.661890
     2247.100000       0.651140
     2247.200000       0.640300
     2247.300000       0.629360
     2247.400000       0.618330
     2247.500000       0.607240
     2247.600000       0.596080
     2247.700000       0.584860
     2247.800000       0.573600
     2247.900000       0.562290
     2248.000000       0.550960
     2248.100000       0.539600
     2248.200000       0.528230
     2248.300000       0.516850
     2248.400000       0.505490
     2248.500000       0.494150
     2248.600000       0.482830
     2248.700000       0.471560
     2248.800000       0.460330
     2248.900000       0.449150
     2249.000000       0.438040
     2249.100000       0.427010
     2249.200000       0.416050
     2249.300000       0.405180
     2249.400000       0.394410
     2249.500000       0.383750
     2249.600000       0.373190
     2249.700000       0.362760
     2249.800000       0.352460
     2249.900000       0.342290
     2250.000000       0.332260
     2250.100000       0.322380
     2250.200000       0.312660
     2250.300000       0.303100
     2250.400000       0.293690
     2250.500000       0.284460
     2250.600000       0.275390
     2250.700000       0.266500
     2250.800000       0.257780
     2250.900000       0.249250
     2251.000000       0.240900
     2251.100000       0.232740
     2251.200000       0.224770
     2251.300000       0.216990
     2251.400000       0.209400
     2251.500000       0.202010
     2251.600000       0.194810
     2251.700000       0.187810
     2251.800000       0.181010
     2251.900000       0.174400
     2252.000000       0.167980
     2252.100000       0.161770
     2252.200000       0.155740
     2252.300000       0.149910
     2252.400000       0.144270
     2252.500000       0.138810
     2252.600000       0.133550
     2252.700000       0.128470
     2252.800000       0.123570
     2252.900000       0.118840
     2253.000000       0.114300
     2253.100000       0.109930
     2253.200000       0.105720
     2253.300000       0.101680
     2253.400000       0.097806
     2253.500000       0.094087
     2253.600000       0.090522
     2253.700000       0.087106
     2253.800000       0.083835
     2253.900000       0.080705
     2254.000000       0.077711
     2254.100000       0.074849
     2254.200000       0.072114
     2254.300000       0.069503
     2254.400000       0.067010
     2254.500000       0.064630
     2254.600000       0.062360
     2254.700000       0.060194
     2254.800000       0.058127
     2254.900000       0.056155
     2255.000000       0.054275
     2255.100000       0.052482
     2255.200000       0.050772
     2255.300000       0.049139
     2255.400000       0.047582
     2255.500000       0.046094
     2255.600000       0.044673
     2255.700000       0.043314
     2255.800000       0.042014
     2255.900000       0.040770
     2256.000000       0.039577
     2256.100000       0.038433
     2256.200000       0.037334
     2256.300000       0.036278
     2256.400000       0.035262
     2256.500000       0.034283
     2256.600000       0.033339
     2256.700000       0.032427
     2256.800000       0.031546
     2256.900000       0.030692
     2257.000000       0.029864
     2257.100000       0.029062
     2257.200000       0.028281
     2257.300000       0.027523
     2257.400000       0.026784
     2257.500000       0.026065
     2257.600000       0.025363
     2257.700000       0.024678
     2257.800000       0.024009
     2257.900000       0.023356
     2258.000000       0.022717
     2258.100000       0.022093
     2258.200000       0.021483
     2258.300000       0.020886
     2258.400000       0.020303
     2258.500000       0.019733
     2258.600000       0.019177
     2258.700000       0.018634
     2258.800000       0.018105
     2258.900000       0.017589
     2259.000000       0.017086
     2259.100000       0.016598
     2259.200000       0.016123
     2259.300000       0.015662
     2259.400000       0.015216
     2259.500000       0.014785
     2259.600000       0.014368
     2259.700000       0.013967
     2259.800000       0.013581
     2259.900000       0.013210
     2260.000000       0.012855
     2260.100000       0.012516
     2260.200000       0.012193
     2260.300000       0.011886
     2260.400000       0.011594
     2260.500000       0.011319
     2260.600000       0.011059
     2260.700000       0.010815
     2260.800000       0.010587
     2260.900000       0.010375
     2261.000000       0.010177
     2261.100000       0.009995
     2261.200000       0.009827
     2261.300000       0.009674
     2261.400000       0.009535
     2261.500000       0.009409
     2261.600000       0.009296
     2261.700000       0.009195
     2261.800000       0.009106
     2261.900000       0.009028
     2262.000000       0.008961
     2262.100000       0.008903
     2262.200000       0.008855
     2262.300000       0.008814
     2262.400000       0.008782
     2262.500000       0.008756
     2262.600000       0.008736
     2262.700000       0.008722
     2262.800000       0.008712
     2262.900000       0.008705
     2263.000000       0.008702
     2263.100000       0.008701
     2263.200000       0.008702
     2263.300000       0.008703
     2263.400000       0.008705
     2263.500000       0.008705
     2263.600000       0.008705
     2263.700000       0.008703
     2263.800000       0.008698
     2263.900000       0.008691
     2264.000000       0.008680
     2264.100000       0.008666
     2264.200000       0.008647
     2264.300000       0.008624
     2264.400000       0.008596
     2264.500000       0.008563
     2264.600000       0.008525
     2264.700000       0.008481
     2264.800000       0.008431
     2264.900000       0.008377
     2265.000000       0.008316
     2265.100000       0.008250
     2265.200000       0.008178
     2265.300000       0.008101
     2265.400000       0.008019
     2265.500000       0.007932
     2265.600000       0.007840
     2265.700000       0.007744
     2265.800000       0.007643
     2265.900000       0.007539
     2266.000000       0.007431
     2266.100000       0.007321
     2266.200000       0.007208
     2266.300000       0.007093
     2266.400000       0.006976
     2266.500000       0.006858
     2266.600000       0.006740
     2266.700000       0.006621
     2266.800000       0.006503
     2266.900000       0.006385
     2267.000000       0.006269
     2267.100000       0.006155
     2267.200000       0.006043
     2267.300000       0.005933
     2267.400000       0.005827
     2267.500000       0.005724
     2267.600000       0.005625
     2267.700000       0.005530
     2267.800000       0.005463
     2267.900000       0.005379
     2268.000000       0.005299
     2268.100000       0.005224
     2268.200000       0.000000
