  14  ,noaa_06_hirs_14.flt
Number of data points:
30
Wavenumber (cm-1)   Filter response
     2172.100000       0.000000
     2188.700000       0.013731
     2192.000000       0.023340
     2193.600000       0.045088
     2195.600000       0.074053
     2197.100000       0.115470
     2197.800000       0.155380
     2198.200000       0.227070
     2199.100000       0.338480
     2201.900000       0.747720
     2202.600000       0.813580
     2203.500000       0.863640
     2204.700000       0.880400
     2206.500000       0.883070
     2208.100000       0.903710
     2210.500000       0.961300
     2211.700000       0.992920
     2212.700000       1.000000
     2213.700000       0.983180
     2215.200000       0.940990
     2216.200000       0.880430
     2217.900000       0.759100
     2219.500000       0.640580
     2224.100000       0.234990
     2225.200000       0.167030
     2226.400000       0.113050
     2227.800000       0.065669
     2230.000000       0.036503
     2232.900000       0.014178
     2244.200000       0.000000
