   6  ,noaa_06_hirs_06.flt
Number of data points:
26
Wavenumber (cm-1)   Filter response
      703.980000       0.000000
      712.710000       0.016656
      715.110000       0.040144
      717.220000       0.080940
      719.010000       0.141500
      720.270000       0.207580
      722.070000       0.346440
      725.240000       0.640820
      726.950000       0.792460
      728.680000       0.900240
      729.840000       0.958450
      730.770000       0.990900
      731.750000       1.000000
      732.460000       0.994030
      734.590000       0.940190
      737.260000       0.837700
      739.010000       0.724930
      740.330000       0.606650
      742.220000       0.389600
      743.080000       0.282620
      744.500000       0.185180
      745.970000       0.108500
      747.190000       0.060216
      749.170000       0.031782
      751.870000       0.015368
      764.090000       0.000000
