2, Band_2 ;SRF extracted from  http://asterweb.jpl.nasa.gov/content/01_mission/03_instrument/archive/vnir.txt
Number of data points:
49
Wavenumber (cm-1)   Filter response
    13513.513514       0.000000
    13679.890561       0.000700
    13736.263736       0.004100
    13793.103448       0.005400
    13850.415512       0.010500
    13908.205841       0.011800
    13966.480447       0.028000
    14025.245442       0.044200
    14084.507042       0.062300
    14144.271570       0.124700
    14204.545454       0.216600
    14265.335235       0.299100
    14326.647564       0.370800
    14388.489209       0.425800
    14450.867052       0.459600
    14513.788099       0.554400
    14577.259475       0.661900
    14641.288433       0.748700
    14705.882353       0.770200
    14771.048744       0.791700
    14836.795252       0.803100
    14903.129657       0.842700
    14970.059880       0.893500
    15037.593985       0.910000
    15105.740181       0.922600
    15174.506828       0.942600
    15243.902439       0.939600
    15313.935681       0.907700
    15384.615385       0.943000
    15455.950541       0.975000
    15527.950311       0.969600
    15600.624025       0.975800
    15673.981191       1.000000
    15748.031496       0.970900
    15822.784810       0.802400
    15898.251192       0.599800
    15974.440895       0.342900
    16051.364366       0.152900
    16129.032258       0.000000
    16207.455429       0.013600
    16286.644951       0.001800
    16366.612111       0.004900
    16447.368421       0.005000
    16528.925620       0.000600
    16611.295681       0.003100
    16694.490818       0.001900
    16778.523490       0.000000
    16863.406408       0.003200
    16949.152542       0.003800
